1536
1 2 1.0
1 8 1.0
1 9 1.0
1 57 1.0
1 65 1.0
1 449 1.0
2 3 1.0
2 10 1.0
2 58 1.0
2 66 1.0
2 450 1.0
3 4 1.0
3 11 1.0
3 59 1.0
3 67 1.0
3 451 1.0
4 5 1.0
4 12 1.0
4 60 1.0
4 68 1.0
4 452 1.0
5 6 1.0
5 13 1.0
5 61 1.0
5 69 1.0
5 453 1.0
6 7 1.0
6 14 1.0
6 62 1.0
6 70 1.0
6 454 1.0
7 8 1.0
7 15 1.0
7 63 1.0
7 71 1.0
7 455 1.0
8 16 1.0
8 64 1.0
8 72 1.0
8 456 1.0
9 10 1.0
9 16 1.0
9 17 1.0
9 73 1.0
9 457 1.0
10 11 1.0
10 18 1.0
10 74 1.0
10 458 1.0
11 12 1.0
11 19 1.0
11 75 1.0
11 459 1.0
12 13 1.0
12 20 1.0
12 76 1.0
12 460 1.0
13 14 1.0
13 21 1.0
13 77 1.0
13 461 1.0
14 15 1.0
14 22 1.0
14 78 1.0
14 462 1.0
15 16 1.0
15 23 1.0
15 79 1.0
15 463 1.0
16 24 1.0
16 80 1.0
16 464 1.0
17 18 1.0
17 24 1.0
17 25 1.0
17 81 1.0
17 465 1.0
18 19 1.0
18 26 1.0
18 82 1.0
18 466 1.0
19 20 1.0
19 27 1.0
19 83 1.0
19 467 1.0
20 21 1.0
20 28 1.0
20 84 1.0
20 468 1.0
21 22 1.0
21 29 1.0
21 85 1.0
21 469 1.0
22 23 1.0
22 30 1.0
22 86 1.0
22 470 1.0
23 24 1.0
23 31 1.0
23 87 1.0
23 471 1.0
24 32 1.0
24 88 1.0
24 472 1.0
25 26 1.0
25 32 1.0
25 33 1.0
25 89 1.0
25 473 1.0
26 27 1.0
26 34 1.0
26 90 1.0
26 474 1.0
27 28 1.0
27 35 1.0
27 91 1.0
27 475 1.0
28 29 1.0
28 36 1.0
28 92 1.0
28 476 1.0
29 30 1.0
29 37 1.0
29 93 1.0
29 477 1.0
30 31 1.0
30 38 1.0
30 94 1.0
30 478 1.0
31 32 1.0
31 39 1.0
31 95 1.0
31 479 1.0
32 40 1.0
32 96 1.0
32 480 1.0
33 34 1.0
33 40 1.0
33 41 1.0
33 97 1.0
33 481 1.0
34 35 1.0
34 42 1.0
34 98 1.0
34 482 1.0
35 36 1.0
35 43 1.0
35 99 1.0
35 483 1.0
36 37 1.0
36 44 1.0
36 100 1.0
36 484 1.0
37 38 1.0
37 45 1.0
37 101 1.0
37 485 1.0
38 39 1.0
38 46 1.0
38 102 1.0
38 486 1.0
39 40 1.0
39 47 1.0
39 103 1.0
39 487 1.0
40 48 1.0
40 104 1.0
40 488 1.0
41 42 1.0
41 48 1.0
41 49 1.0
41 105 1.0
41 489 1.0
42 43 1.0
42 50 1.0
42 106 1.0
42 490 1.0
43 44 1.0
43 51 1.0
43 107 1.0
43 491 1.0
44 45 1.0
44 52 1.0
44 108 1.0
44 492 1.0
45 46 1.0
45 53 1.0
45 109 1.0
45 493 1.0
46 47 1.0
46 54 1.0
46 110 1.0
46 494 1.0
47 48 1.0
47 55 1.0
47 111 1.0
47 495 1.0
48 56 1.0
48 112 1.0
48 496 1.0
49 50 1.0
49 56 1.0
49 57 1.0
49 113 1.0
49 497 1.0
50 51 1.0
50 58 1.0
50 114 1.0
50 498 1.0
51 52 1.0
51 59 1.0
51 115 1.0
51 499 1.0
52 53 1.0
52 60 1.0
52 116 1.0
52 500 1.0
53 54 1.0
53 61 1.0
53 117 1.0
53 501 1.0
54 55 1.0
54 62 1.0
54 118 1.0
54 502 1.0
55 56 1.0
55 63 1.0
55 119 1.0
55 503 1.0
56 64 1.0
56 120 1.0
56 504 1.0
57 58 1.0
57 64 1.0
57 121 1.0
57 505 1.0
58 59 1.0
58 122 1.0
58 506 1.0
59 60 1.0
59 123 1.0
59 507 1.0
60 61 1.0
60 124 1.0
60 508 1.0
61 62 1.0
61 125 1.0
61 509 1.0
62 63 1.0
62 126 1.0
62 510 1.0
63 64 1.0
63 127 1.0
63 511 1.0
64 128 1.0
64 512 1.0
65 66 1.0
65 72 1.0
65 73 1.0
65 121 1.0
65 129 1.0
66 67 1.0
66 74 1.0
66 122 1.0
66 130 1.0
67 68 1.0
67 75 1.0
67 123 1.0
67 131 1.0
68 69 1.0
68 76 1.0
68 124 1.0
68 132 1.0
69 70 1.0
69 77 1.0
69 125 1.0
69 133 1.0
70 71 1.0
70 78 1.0
70 126 1.0
70 134 1.0
71 72 1.0
71 79 1.0
71 127 1.0
71 135 1.0
72 80 1.0
72 128 1.0
72 136 1.0
73 74 1.0
73 80 1.0
73 81 1.0
73 137 1.0
74 75 1.0
74 82 1.0
74 138 1.0
75 76 1.0
75 83 1.0
75 139 1.0
76 77 1.0
76 84 1.0
76 140 1.0
77 78 1.0
77 85 1.0
77 141 1.0
78 79 1.0
78 86 1.0
78 142 1.0
79 80 1.0
79 87 1.0
79 143 1.0
80 88 1.0
80 144 1.0
81 82 1.0
81 88 1.0
81 89 1.0
81 145 1.0
82 83 1.0
82 90 1.0
82 146 1.0
83 84 1.0
83 91 1.0
83 147 1.0
84 85 1.0
84 92 1.0
84 148 1.0
85 86 1.0
85 93 1.0
85 149 1.0
86 87 1.0
86 94 1.0
86 150 1.0
87 88 1.0
87 95 1.0
87 151 1.0
88 96 1.0
88 152 1.0
89 90 1.0
89 96 1.0
89 97 1.0
89 153 1.0
90 91 1.0
90 98 1.0
90 154 1.0
91 92 1.0
91 99 1.0
91 155 1.0
92 93 1.0
92 100 1.0
92 156 1.0
93 94 1.0
93 101 1.0
93 157 1.0
94 95 1.0
94 102 1.0
94 158 1.0
95 96 1.0
95 103 1.0
95 159 1.0
96 104 1.0
96 160 1.0
97 98 1.0
97 104 1.0
97 105 1.0
97 161 1.0
98 99 1.0
98 106 1.0
98 162 1.0
99 100 1.0
99 107 1.0
99 163 1.0
100 101 1.0
100 108 1.0
100 164 1.0
101 102 1.0
101 109 1.0
101 165 1.0
102 103 1.0
102 110 1.0
102 166 1.0
103 104 1.0
103 111 1.0
103 167 1.0
104 112 1.0
104 168 1.0
105 106 1.0
105 112 1.0
105 113 1.0
105 169 1.0
106 107 1.0
106 114 1.0
106 170 1.0
107 108 1.0
107 115 1.0
107 171 1.0
108 109 1.0
108 116 1.0
108 172 1.0
109 110 1.0
109 117 1.0
109 173 1.0
110 111 1.0
110 118 1.0
110 174 1.0
111 112 1.0
111 119 1.0
111 175 1.0
112 120 1.0
112 176 1.0
113 114 1.0
113 120 1.0
113 121 1.0
113 177 1.0
114 115 1.0
114 122 1.0
114 178 1.0
115 116 1.0
115 123 1.0
115 179 1.0
116 117 1.0
116 124 1.0
116 180 1.0
117 118 1.0
117 125 1.0
117 181 1.0
118 119 1.0
118 126 1.0
118 182 1.0
119 120 1.0
119 127 1.0
119 183 1.0
120 128 1.0
120 184 1.0
121 122 1.0
121 128 1.0
121 185 1.0
122 123 1.0
122 186 1.0
123 124 1.0
123 187 1.0
124 125 1.0
124 188 1.0
125 126 1.0
125 189 1.0
126 127 1.0
126 190 1.0
127 128 1.0
127 191 1.0
128 192 1.0
129 130 1.0
129 136 1.0
129 137 1.0
129 185 1.0
129 193 1.0
130 131 1.0
130 138 1.0
130 186 1.0
130 194 1.0
131 132 1.0
131 139 1.0
131 187 1.0
131 195 1.0
132 133 1.0
132 140 1.0
132 188 1.0
132 196 1.0
133 134 1.0
133 141 1.0
133 189 1.0
133 197 1.0
134 135 1.0
134 142 1.0
134 190 1.0
134 198 1.0
135 136 1.0
135 143 1.0
135 191 1.0
135 199 1.0
136 144 1.0
136 192 1.0
136 200 1.0
137 138 1.0
137 144 1.0
137 145 1.0
137 201 1.0
138 139 1.0
138 146 1.0
138 202 1.0
139 140 1.0
139 147 1.0
139 203 1.0
140 141 1.0
140 148 1.0
140 204 1.0
141 142 1.0
141 149 1.0
141 205 1.0
142 143 1.0
142 150 1.0
142 206 1.0
143 144 1.0
143 151 1.0
143 207 1.0
144 152 1.0
144 208 1.0
145 146 1.0
145 152 1.0
145 153 1.0
145 209 1.0
146 147 1.0
146 154 1.0
146 210 1.0
147 148 1.0
147 155 1.0
147 211 1.0
148 149 1.0
148 156 1.0
148 212 1.0
149 150 1.0
149 157 1.0
149 213 1.0
150 151 1.0
150 158 1.0
150 214 1.0
151 152 1.0
151 159 1.0
151 215 1.0
152 160 1.0
152 216 1.0
153 154 1.0
153 160 1.0
153 161 1.0
153 217 1.0
154 155 1.0
154 162 1.0
154 218 1.0
155 156 1.0
155 163 1.0
155 219 1.0
156 157 1.0
156 164 1.0
156 220 1.0
157 158 1.0
157 165 1.0
157 221 1.0
158 159 1.0
158 166 1.0
158 222 1.0
159 160 1.0
159 167 1.0
159 223 1.0
160 168 1.0
160 224 1.0
161 162 1.0
161 168 1.0
161 169 1.0
161 225 1.0
162 163 1.0
162 170 1.0
162 226 1.0
163 164 1.0
163 171 1.0
163 227 1.0
164 165 1.0
164 172 1.0
164 228 1.0
165 166 1.0
165 173 1.0
165 229 1.0
166 167 1.0
166 174 1.0
166 230 1.0
167 168 1.0
167 175 1.0
167 231 1.0
168 176 1.0
168 232 1.0
169 170 1.0
169 176 1.0
169 177 1.0
169 233 1.0
170 171 1.0
170 178 1.0
170 234 1.0
171 172 1.0
171 179 1.0
171 235 1.0
172 173 1.0
172 180 1.0
172 236 1.0
173 174 1.0
173 181 1.0
173 237 1.0
174 175 1.0
174 182 1.0
174 238 1.0
175 176 1.0
175 183 1.0
175 239 1.0
176 184 1.0
176 240 1.0
177 178 1.0
177 184 1.0
177 185 1.0
177 241 1.0
178 179 1.0
178 186 1.0
178 242 1.0
179 180 1.0
179 187 1.0
179 243 1.0
180 181 1.0
180 188 1.0
180 244 1.0
181 182 1.0
181 189 1.0
181 245 1.0
182 183 1.0
182 190 1.0
182 246 1.0
183 184 1.0
183 191 1.0
183 247 1.0
184 192 1.0
184 248 1.0
185 186 1.0
185 192 1.0
185 249 1.0
186 187 1.0
186 250 1.0
187 188 1.0
187 251 1.0
188 189 1.0
188 252 1.0
189 190 1.0
189 253 1.0
190 191 1.0
190 254 1.0
191 192 1.0
191 255 1.0
192 256 1.0
193 194 1.0
193 200 1.0
193 201 1.0
193 249 1.0
193 257 1.0
194 195 1.0
194 202 1.0
194 250 1.0
194 258 1.0
195 196 1.0
195 203 1.0
195 251 1.0
195 259 1.0
196 197 1.0
196 204 1.0
196 252 1.0
196 260 1.0
197 198 1.0
197 205 1.0
197 253 1.0
197 261 1.0
198 199 1.0
198 206 1.0
198 254 1.0
198 262 1.0
199 200 1.0
199 207 1.0
199 255 1.0
199 263 1.0
200 208 1.0
200 256 1.0
200 264 1.0
201 202 1.0
201 208 1.0
201 209 1.0
201 265 1.0
202 203 1.0
202 210 1.0
202 266 1.0
203 204 1.0
203 211 1.0
203 267 1.0
204 205 1.0
204 212 1.0
204 268 1.0
205 206 1.0
205 213 1.0
205 269 1.0
206 207 1.0
206 214 1.0
206 270 1.0
207 208 1.0
207 215 1.0
207 271 1.0
208 216 1.0
208 272 1.0
209 210 1.0
209 216 1.0
209 217 1.0
209 273 1.0
210 211 1.0
210 218 1.0
210 274 1.0
211 212 1.0
211 219 1.0
211 275 1.0
212 213 1.0
212 220 1.0
212 276 1.0
213 214 1.0
213 221 1.0
213 277 1.0
214 215 1.0
214 222 1.0
214 278 1.0
215 216 1.0
215 223 1.0
215 279 1.0
216 224 1.0
216 280 1.0
217 218 1.0
217 224 1.0
217 225 1.0
217 281 1.0
218 219 1.0
218 226 1.0
218 282 1.0
219 220 1.0
219 227 1.0
219 283 1.0
220 221 1.0
220 228 1.0
220 284 1.0
221 222 1.0
221 229 1.0
221 285 1.0
222 223 1.0
222 230 1.0
222 286 1.0
223 224 1.0
223 231 1.0
223 287 1.0
224 232 1.0
224 288 1.0
225 226 1.0
225 232 1.0
225 233 1.0
225 289 1.0
226 227 1.0
226 234 1.0
226 290 1.0
227 228 1.0
227 235 1.0
227 291 1.0
228 229 1.0
228 236 1.0
228 292 1.0
229 230 1.0
229 237 1.0
229 293 1.0
230 231 1.0
230 238 1.0
230 294 1.0
231 232 1.0
231 239 1.0
231 295 1.0
232 240 1.0
232 296 1.0
233 234 1.0
233 240 1.0
233 241 1.0
233 297 1.0
234 235 1.0
234 242 1.0
234 298 1.0
235 236 1.0
235 243 1.0
235 299 1.0
236 237 1.0
236 244 1.0
236 300 1.0
237 238 1.0
237 245 1.0
237 301 1.0
238 239 1.0
238 246 1.0
238 302 1.0
239 240 1.0
239 247 1.0
239 303 1.0
240 248 1.0
240 304 1.0
241 242 1.0
241 248 1.0
241 249 1.0
241 305 1.0
242 243 1.0
242 250 1.0
242 306 1.0
243 244 1.0
243 251 1.0
243 307 1.0
244 245 1.0
244 252 1.0
244 308 1.0
245 246 1.0
245 253 1.0
245 309 1.0
246 247 1.0
246 254 1.0
246 310 1.0
247 248 1.0
247 255 1.0
247 311 1.0
248 256 1.0
248 312 1.0
249 250 1.0
249 256 1.0
249 313 1.0
250 251 1.0
250 314 1.0
251 252 1.0
251 315 1.0
252 253 1.0
252 316 1.0
253 254 1.0
253 317 1.0
254 255 1.0
254 318 1.0
255 256 1.0
255 319 1.0
256 320 1.0
257 258 1.0
257 264 1.0
257 265 1.0
257 313 1.0
257 321 1.0
258 259 1.0
258 266 1.0
258 314 1.0
258 322 1.0
259 260 1.0
259 267 1.0
259 315 1.0
259 323 1.0
260 261 1.0
260 268 1.0
260 316 1.0
260 324 1.0
261 262 1.0
261 269 1.0
261 317 1.0
261 325 1.0
262 263 1.0
262 270 1.0
262 318 1.0
262 326 1.0
263 264 1.0
263 271 1.0
263 319 1.0
263 327 1.0
264 272 1.0
264 320 1.0
264 328 1.0
265 266 1.0
265 272 1.0
265 273 1.0
265 329 1.0
266 267 1.0
266 274 1.0
266 330 1.0
267 268 1.0
267 275 1.0
267 331 1.0
268 269 1.0
268 276 1.0
268 332 1.0
269 270 1.0
269 277 1.0
269 333 1.0
270 271 1.0
270 278 1.0
270 334 1.0
271 272 1.0
271 279 1.0
271 335 1.0
272 280 1.0
272 336 1.0
273 274 1.0
273 280 1.0
273 281 1.0
273 337 1.0
274 275 1.0
274 282 1.0
274 338 1.0
275 276 1.0
275 283 1.0
275 339 1.0
276 277 1.0
276 284 1.0
276 340 1.0
277 278 1.0
277 285 1.0
277 341 1.0
278 279 1.0
278 286 1.0
278 342 1.0
279 280 1.0
279 287 1.0
279 343 1.0
280 288 1.0
280 344 1.0
281 282 1.0
281 288 1.0
281 289 1.0
281 345 1.0
282 283 1.0
282 290 1.0
282 346 1.0
283 284 1.0
283 291 1.0
283 347 1.0
284 285 1.0
284 292 1.0
284 348 1.0
285 286 1.0
285 293 1.0
285 349 1.0
286 287 1.0
286 294 1.0
286 350 1.0
287 288 1.0
287 295 1.0
287 351 1.0
288 296 1.0
288 352 1.0
289 290 1.0
289 296 1.0
289 297 1.0
289 353 1.0
290 291 1.0
290 298 1.0
290 354 1.0
291 292 1.0
291 299 1.0
291 355 1.0
292 293 1.0
292 300 1.0
292 356 1.0
293 294 1.0
293 301 1.0
293 357 1.0
294 295 1.0
294 302 1.0
294 358 1.0
295 296 1.0
295 303 1.0
295 359 1.0
296 304 1.0
296 360 1.0
297 298 1.0
297 304 1.0
297 305 1.0
297 361 1.0
298 299 1.0
298 306 1.0
298 362 1.0
299 300 1.0
299 307 1.0
299 363 1.0
300 301 1.0
300 308 1.0
300 364 1.0
301 302 1.0
301 309 1.0
301 365 1.0
302 303 1.0
302 310 1.0
302 366 1.0
303 304 1.0
303 311 1.0
303 367 1.0
304 312 1.0
304 368 1.0
305 306 1.0
305 312 1.0
305 313 1.0
305 369 1.0
306 307 1.0
306 314 1.0
306 370 1.0
307 308 1.0
307 315 1.0
307 371 1.0
308 309 1.0
308 316 1.0
308 372 1.0
309 310 1.0
309 317 1.0
309 373 1.0
310 311 1.0
310 318 1.0
310 374 1.0
311 312 1.0
311 319 1.0
311 375 1.0
312 320 1.0
312 376 1.0
313 314 1.0
313 320 1.0
313 377 1.0
314 315 1.0
314 378 1.0
315 316 1.0
315 379 1.0
316 317 1.0
316 380 1.0
317 318 1.0
317 381 1.0
318 319 1.0
318 382 1.0
319 320 1.0
319 383 1.0
320 384 1.0
321 322 1.0
321 328 1.0
321 329 1.0
321 377 1.0
321 385 1.0
322 323 1.0
322 330 1.0
322 378 1.0
322 386 1.0
323 324 1.0
323 331 1.0
323 379 1.0
323 387 1.0
324 325 1.0
324 332 1.0
324 380 1.0
324 388 1.0
325 326 1.0
325 333 1.0
325 381 1.0
325 389 1.0
326 327 1.0
326 334 1.0
326 382 1.0
326 390 1.0
327 328 1.0
327 335 1.0
327 383 1.0
327 391 1.0
328 336 1.0
328 384 1.0
328 392 1.0
329 330 1.0
329 336 1.0
329 337 1.0
329 393 1.0
330 331 1.0
330 338 1.0
330 394 1.0
331 332 1.0
331 339 1.0
331 395 1.0
332 333 1.0
332 340 1.0
332 396 1.0
333 334 1.0
333 341 1.0
333 397 1.0
334 335 1.0
334 342 1.0
334 398 1.0
335 336 1.0
335 343 1.0
335 399 1.0
336 344 1.0
336 400 1.0
337 338 1.0
337 344 1.0
337 345 1.0
337 401 1.0
338 339 1.0
338 346 1.0
338 402 1.0
339 340 1.0
339 347 1.0
339 403 1.0
340 341 1.0
340 348 1.0
340 404 1.0
341 342 1.0
341 349 1.0
341 405 1.0
342 343 1.0
342 350 1.0
342 406 1.0
343 344 1.0
343 351 1.0
343 407 1.0
344 352 1.0
344 408 1.0
345 346 1.0
345 352 1.0
345 353 1.0
345 409 1.0
346 347 1.0
346 354 1.0
346 410 1.0
347 348 1.0
347 355 1.0
347 411 1.0
348 349 1.0
348 356 1.0
348 412 1.0
349 350 1.0
349 357 1.0
349 413 1.0
350 351 1.0
350 358 1.0
350 414 1.0
351 352 1.0
351 359 1.0
351 415 1.0
352 360 1.0
352 416 1.0
353 354 1.0
353 360 1.0
353 361 1.0
353 417 1.0
354 355 1.0
354 362 1.0
354 418 1.0
355 356 1.0
355 363 1.0
355 419 1.0
356 357 1.0
356 364 1.0
356 420 1.0
357 358 1.0
357 365 1.0
357 421 1.0
358 359 1.0
358 366 1.0
358 422 1.0
359 360 1.0
359 367 1.0
359 423 1.0
360 368 1.0
360 424 1.0
361 362 1.0
361 368 1.0
361 369 1.0
361 425 1.0
362 363 1.0
362 370 1.0
362 426 1.0
363 364 1.0
363 371 1.0
363 427 1.0
364 365 1.0
364 372 1.0
364 428 1.0
365 366 1.0
365 373 1.0
365 429 1.0
366 367 1.0
366 374 1.0
366 430 1.0
367 368 1.0
367 375 1.0
367 431 1.0
368 376 1.0
368 432 1.0
369 370 1.0
369 376 1.0
369 377 1.0
369 433 1.0
370 371 1.0
370 378 1.0
370 434 1.0
371 372 1.0
371 379 1.0
371 435 1.0
372 373 1.0
372 380 1.0
372 436 1.0
373 374 1.0
373 381 1.0
373 437 1.0
374 375 1.0
374 382 1.0
374 438 1.0
375 376 1.0
375 383 1.0
375 439 1.0
376 384 1.0
376 440 1.0
377 378 1.0
377 384 1.0
377 441 1.0
378 379 1.0
378 442 1.0
379 380 1.0
379 443 1.0
380 381 1.0
380 444 1.0
381 382 1.0
381 445 1.0
382 383 1.0
382 446 1.0
383 384 1.0
383 447 1.0
384 448 1.0
385 386 1.0
385 392 1.0
385 393 1.0
385 441 1.0
385 449 1.0
386 387 1.0
386 394 1.0
386 442 1.0
386 450 1.0
387 388 1.0
387 395 1.0
387 443 1.0
387 451 1.0
388 389 1.0
388 396 1.0
388 444 1.0
388 452 1.0
389 390 1.0
389 397 1.0
389 445 1.0
389 453 1.0
390 391 1.0
390 398 1.0
390 446 1.0
390 454 1.0
391 392 1.0
391 399 1.0
391 447 1.0
391 455 1.0
392 400 1.0
392 448 1.0
392 456 1.0
393 394 1.0
393 400 1.0
393 401 1.0
393 457 1.0
394 395 1.0
394 402 1.0
394 458 1.0
395 396 1.0
395 403 1.0
395 459 1.0
396 397 1.0
396 404 1.0
396 460 1.0
397 398 1.0
397 405 1.0
397 461 1.0
398 399 1.0
398 406 1.0
398 462 1.0
399 400 1.0
399 407 1.0
399 463 1.0
400 408 1.0
400 464 1.0
401 402 1.0
401 408 1.0
401 409 1.0
401 465 1.0
402 403 1.0
402 410 1.0
402 466 1.0
403 404 1.0
403 411 1.0
403 467 1.0
404 405 1.0
404 412 1.0
404 468 1.0
405 406 1.0
405 413 1.0
405 469 1.0
406 407 1.0
406 414 1.0
406 470 1.0
407 408 1.0
407 415 1.0
407 471 1.0
408 416 1.0
408 472 1.0
409 410 1.0
409 416 1.0
409 417 1.0
409 473 1.0
410 411 1.0
410 418 1.0
410 474 1.0
411 412 1.0
411 419 1.0
411 475 1.0
412 413 1.0
412 420 1.0
412 476 1.0
413 414 1.0
413 421 1.0
413 477 1.0
414 415 1.0
414 422 1.0
414 478 1.0
415 416 1.0
415 423 1.0
415 479 1.0
416 424 1.0
416 480 1.0
417 418 1.0
417 424 1.0
417 425 1.0
417 481 1.0
418 419 1.0
418 426 1.0
418 482 1.0
419 420 1.0
419 427 1.0
419 483 1.0
420 421 1.0
420 428 1.0
420 484 1.0
421 422 1.0
421 429 1.0
421 485 1.0
422 423 1.0
422 430 1.0
422 486 1.0
423 424 1.0
423 431 1.0
423 487 1.0
424 432 1.0
424 488 1.0
425 426 1.0
425 432 1.0
425 433 1.0
425 489 1.0
426 427 1.0
426 434 1.0
426 490 1.0
427 428 1.0
427 435 1.0
427 491 1.0
428 429 1.0
428 436 1.0
428 492 1.0
429 430 1.0
429 437 1.0
429 493 1.0
430 431 1.0
430 438 1.0
430 494 1.0
431 432 1.0
431 439 1.0
431 495 1.0
432 440 1.0
432 496 1.0
433 434 1.0
433 440 1.0
433 441 1.0
433 497 1.0
434 435 1.0
434 442 1.0
434 498 1.0
435 436 1.0
435 443 1.0
435 499 1.0
436 437 1.0
436 444 1.0
436 500 1.0
437 438 1.0
437 445 1.0
437 501 1.0
438 439 1.0
438 446 1.0
438 502 1.0
439 440 1.0
439 447 1.0
439 503 1.0
440 448 1.0
440 504 1.0
441 442 1.0
441 448 1.0
441 505 1.0
442 443 1.0
442 506 1.0
443 444 1.0
443 507 1.0
444 445 1.0
444 508 1.0
445 446 1.0
445 509 1.0
446 447 1.0
446 510 1.0
447 448 1.0
447 511 1.0
448 512 1.0
449 450 1.0
449 456 1.0
449 457 1.0
449 505 1.0
450 451 1.0
450 458 1.0
450 506 1.0
451 452 1.0
451 459 1.0
451 507 1.0
452 453 1.0
452 460 1.0
452 508 1.0
453 454 1.0
453 461 1.0
453 509 1.0
454 455 1.0
454 462 1.0
454 510 1.0
455 456 1.0
455 463 1.0
455 511 1.0
456 464 1.0
456 512 1.0
457 458 1.0
457 464 1.0
457 465 1.0
458 459 1.0
458 466 1.0
459 460 1.0
459 467 1.0
460 461 1.0
460 468 1.0
461 462 1.0
461 469 1.0
462 463 1.0
462 470 1.0
463 464 1.0
463 471 1.0
464 472 1.0
465 466 1.0
465 472 1.0
465 473 1.0
466 467 1.0
466 474 1.0
467 468 1.0
467 475 1.0
468 469 1.0
468 476 1.0
469 470 1.0
469 477 1.0
470 471 1.0
470 478 1.0
471 472 1.0
471 479 1.0
472 480 1.0
473 474 1.0
473 480 1.0
473 481 1.0
474 475 1.0
474 482 1.0
475 476 1.0
475 483 1.0
476 477 1.0
476 484 1.0
477 478 1.0
477 485 1.0
478 479 1.0
478 486 1.0
479 480 1.0
479 487 1.0
480 488 1.0
481 482 1.0
481 488 1.0
481 489 1.0
482 483 1.0
482 490 1.0
483 484 1.0
483 491 1.0
484 485 1.0
484 492 1.0
485 486 1.0
485 493 1.0
486 487 1.0
486 494 1.0
487 488 1.0
487 495 1.0
488 496 1.0
489 490 1.0
489 496 1.0
489 497 1.0
490 491 1.0
490 498 1.0
491 492 1.0
491 499 1.0
492 493 1.0
492 500 1.0
493 494 1.0
493 501 1.0
494 495 1.0
494 502 1.0
495 496 1.0
495 503 1.0
496 504 1.0
497 498 1.0
497 504 1.0
497 505 1.0
498 499 1.0
498 506 1.0
499 500 1.0
499 507 1.0
500 501 1.0
500 508 1.0
501 502 1.0
501 509 1.0
502 503 1.0
502 510 1.0
503 504 1.0
503 511 1.0
504 512 1.0
505 506 1.0
505 512 1.0
506 507 1.0
507 508 1.0
508 509 1.0
509 510 1.0
510 511 1.0
511 512 1.0
