27
-0.4193361489376307 0.8862473044207699 0.19678137513768013
0.8706778841235833 -0.38570919644338997 0.30520229009146504
-0.5848498103560362 -0.653206453340634 -0.4809075052862639
-0.46565205914739694 0.691186404049745 0.552656778361193
0.9910677435909016 -0.04036741819027091 -0.1271031044557574
-0.6062998288387076 -0.6803162984496133 -0.4117890863220779
-0.4471496027713879 0.8323834839531068 0.32740642691229793
0.9999393849441208 0.011009790257903246 -0.00010467115453023645
-0.5931449880547945 -0.7556817149992787 -0.27771238496190187
-0.3423082899580189 0.6900686555899054 0.6376756896717612
0.8628742761042378 0.18675092594714243 -0.469651014366489
-0.703153583122121 -0.7017107489208204 -0.11479139075515388
-0.13432783416615868 0.5153495674779496 0.8463869424019477
0.865633248945212 0.09129229393591654 -0.492285278460037
-0.6616306617188735 -0.6071637943129908 -0.4399965844741278
-0.3435742131141727 0.6862063575513881 0.6411533318474092
0.9798125091088515 -0.19778204679387412 -0.02914976774938194
-0.6196828383736388 -0.5476647023331664 -0.5621890728602927
-0.25301308724408195 0.931851873707745 0.2600701119901772
0.9548498814584514 -0.29298368838583844 0.04921648320034817
-0.5438579438936998 -0.7736015587909401 -0.3252063423427405
-0.29137516118630197 0.8427605975956513 0.452609202937673
0.8044148251881843 -0.5345302234544795 0.25921849708531164
-0.5118723624073916 -0.331761455751332 -0.7924146774771614
-0.24451997587900542 0.9389669674025853 0.2419731710808522
0.9852303250743711 -0.1562878475069298 0.06996652968026454
-0.6415997782767975 -0.7345829559167208 -0.22076595161350854
