27
-0.8522976147726025 0.5217095311598214 0.03752253922550611
0.7674251498326123 -0.050687021109192563 -0.6391318058862884
0.2545362411108696 -0.6190693711337525 0.7429430770154665
-0.8353465893362424 0.12753947218237116 -0.5347240023785638
0.754701030811752 -0.14755663657223317 -0.6392600355842445
0.01763087666794899 -0.24045849948699582 0.9704992850138432
-0.8779394694724392 0.4748763827356918 -0.06094841312384702
0.6330667874834611 0.18312353310766605 -0.7521251320143051
0.32923253034456956 -0.5709907822840044 0.7520475167897386
-0.9673325903505949 0.12392008024964846 -0.22115938450929717
0.6972227215248827 0.25429293990572743 -0.6702354640747827
0.37224855848567584 -0.27421683023409604 0.8866995774904274
-0.9106874551628655 -0.14271689981392252 -0.38765996119858137
0.7291850345229084 0.6329392506610452 -0.26014820852825105
0.2765190293374313 -0.4034034221057794 0.872240165004816
-0.8402530241846802 0.1542931681175676 -0.5197773308068976
0.8164300421519459 0.3753975825392781 -0.43876946258307425
0.24806662000714938 -0.5571821329502034 0.7924714649495522
-0.9246908684992978 -0.01199337902816796 -0.3805298366403074
0.5212452332548541 0.8528479759440215 0.030882628406253998
0.36419599527581237 -0.7324904660548065 0.5751686658397457
-0.7927103409437339 -0.27721076840490555 -0.5429221907798858
0.7243445069178155 0.44179646337587153 -0.529283402579902
0.2371849380378564 -0.070123793592854 0.9689303167618013
-0.9858373202691382 0.09930103180170315 -0.13514467450729428
0.6463764592978835 0.15166865165035065 -0.747792814201965
0.3366987907573381 -0.39285745622780993 0.855743503269969
