27
-0.2653765120979841 0.7346715879822483 0.624366050196797
-0.830942991353123 0.09704784087851681 -0.5478279489967102
0.6750505286467311 -0.6461315270277891 0.35611912831875026
0.7482826239454606 0.6594431878171598 0.07216506594494082
-0.9977541025542833 0.0460399852612191 -0.04865254970958331
0.5196138027804782 -0.5555920228232613 -0.6490909028288465
0.5038859080118874 0.8102632967696197 -0.2992864541122151
-0.6327431179168542 -0.7545748871910691 -0.1739335687825776
-0.24154808125097793 -0.40991219385945654 0.8795604116655653
0.4248405333049797 0.9039955292022855 -0.04798546075030541
-0.6595005715630231 0.3333359045239187 -0.6737552752025523
0.19095651222216503 -0.9572623604787912 0.21721966681338795
-0.014393813596826024 0.7015328079249527 0.7124917806789565
-0.20205399961026754 -0.6576353724720965 -0.7257340408958235
0.6298450466321669 0.4095104014831888 0.6599973093202738
0.25806067377280406 0.9635480848070639 0.07056753443734604
-0.9439069296339544 -0.33012815751949237 -0.007423462924155353
0.2996608986047453 -0.942163050126809 0.15010707119634492
0.1874235084012114 0.5374206698962671 0.8222234806102469
-0.7829271424833927 -0.5932015970420422 -0.18744853915024093
0.7221232762191635 0.2102149884592634 -0.6590505538800286
0.25736479276587954 0.8083953098221262 -0.5293962471553467
-0.9805144221413407 0.19627678038834473 0.00817884180177042
0.3958337663523912 -0.6187254253609957 0.6785974339968696
0.4257030404927498 0.8889463480868058 0.1689713334810325
-0.693169521259076 0.37267678804107435 -0.6169505867189461
0.11138805825484432 -0.9319330980940996 0.34509911787042985
