27
-0.1282876690528739 0.6172241740586283 -0.7762580710863005
-0.059978867342952824 -0.9757201288707394 0.21064844074600148
0.25542975882239966 0.6672338532224967 0.699681801551098
0.21476077097847535 0.097409641731553 -0.9717968784403772
-0.30929976427805317 -0.888274010350846 0.3395628636243458
0.07652047710300247 0.55161181304356 0.8305835444401274
0.36160861040331693 0.11081149228474407 -0.9257213544365338
-0.4808329335526487 -0.8289552658138548 0.2857146431155312
-0.17896826009386926 0.6013413593383865 0.7786905235252546
-0.3083283687506791 0.49329816841064955 -0.8133821574550579
-0.3381291890754128 -0.9351566113973838 0.10559717635886759
0.5164834786356696 0.46389974327142525 0.7197512379212023
0.09012483225710716 0.35918387873502455 -0.928904976769687
-0.25924040609874294 -0.9655791353125881 0.0212448886736189
0.18891413864488854 0.5977046833219838 0.7791409113600869
0.09891456257822484 0.3241063670229815 -0.9408352524034811
-0.07033913515341644 -0.9936139107612849 0.08822586019719242
-0.023587308294477707 0.6095995274245821 0.7923585394574527
0.16997689415871717 0.4845184317782034 -0.8581082360164988
-0.6410249198594502 -0.7578295893799059 0.12157863948683134
0.7016612120857423 0.33643649312231144 0.628078044155285
0.4763909982026755 0.36295176105881144 -0.8008230990523224
-0.46283482421644057 -0.8838471911148765 0.06780905729237399
-0.1162415896674003 0.5649682123663183 0.8168835974893875
0.5270040847893285 0.23481527300465155 -0.8167793350588106
-0.5201476698717 -0.8361883574862481 0.17388338716361249
0.07399039490326982 0.6515818953690965 0.7549612275403776
