27
0.8024570563731095 0.5695308938402577 -0.1780371692611444
-0.7375494000679383 -0.11257952163544716 -0.6658428746842292
-0.02977112886306965 -0.5570159628042773 0.8299680096650964
0.7900793298893563 0.5926788996259911 -0.15654511943753027
-0.6053144292660431 -0.5920384038904403 -0.5320572995845314
-0.07453921917654227 0.3141631443821209 0.9464382829939263
0.6122888149173329 0.7311139410409578 -0.3009564957642325
-0.8054381190153791 -0.22311114813646227 -0.5490818263375663
0.051279230224327246 -0.48889700254356705 0.8708330273086318
0.8125957193639437 0.35766577296628543 -0.4601775654242875
-0.803404804409749 -0.12470261245659997 -0.5822284591960726
-0.023872176610935603 -0.32779054193964585 0.9444487703410746
0.9108511304243273 -0.10656900937888379 -0.39873959477925935
-0.7722672616889998 0.27363566862452404 -0.5733470130556058
-0.24669095836205013 -0.04437912690300616 0.9680775093750191
0.820555201203474 0.021492492654393403 -0.5711630542475821
-0.9074393174003395 0.35289555479462764 -0.22807589228631345
0.4137381226101675 -0.7041775151103442 0.577022350617404
0.5586599663458903 0.8177832108452036 -0.1383100215534529
-0.2714783565201284 -0.41129514379679477 -0.8701355104983958
0.03309491938744036 -0.27017956890380734 0.9622409920896594
0.892765648842068 0.40903917688676916 -0.1888291503433625
-0.7419205987832627 0.055301880399780734 -0.6682032079579787
-0.04835387500337679 -0.6587485513443028 0.7508077309630875
0.5639037157140019 0.8117167549967861 -0.1520806005426938
-0.5940076098487148 -0.5533080897928234 -0.5839564343438947
-0.013296290176913306 -0.3011742639044185 0.9534764136721803
