27
-0.30306773815002636 0.7051566435387402 -0.6410179827164015
-0.4124173993383805 -0.05116566057197375 0.9095570152009163
0.18837962928263619 -0.9618109649851593 0.1985768941887594
0.09927223248411932 0.9520469411449025 -0.28939876591694985
-0.9092605620848502 0.28400923691292046 0.3042761633537583
0.7355441514673955 -0.6662004782318681 -0.12309233950875825
-0.10665979481214105 0.34282034031420316 -0.9333262572313528
-0.536094325366251 -0.8404433121424625 -0.07910697431397823
0.21718766607102924 0.5007185147003903 0.8379203343652988
0.5947270510872849 0.5016909813433194 -0.6281766423099469
-0.9684065727154748 -0.08017743224978721 0.23613616681758015
0.6624783851280432 -0.3561542641336909 0.6589966080167092
0.42930488261636 0.8897268810327358 -0.15518825641624376
-0.9413786941919701 -0.28305284554121063 0.18354084219171635
0.7543723338227724 -0.6418733460801282 -0.13755358793824302
0.6556599344591221 0.06903507322211799 -0.751893748484635
-0.9533200170432414 -0.05496727146010749 0.29691672935842767
0.7976791779801549 -0.2287622610422111 0.5580105347928122
0.21669729603821258 -0.0957508491041269 -0.9715318094563689
-0.8791501250018087 -0.41434299643045513 0.2354037786832136
0.9285829820747356 -0.04640879813157478 0.36821171743600967
0.3964941338884946 0.9098810269298071 0.12210208280440009
-0.9961472643793963 -0.041934416541724945 0.07702033743596526
0.702068278352651 -0.6252967200955076 -0.34074058221577447
0.4873272942936948 -0.25241119122423183 -0.8359429997201668
-0.8657517720590263 0.4534320750622861 0.21183300611888373
0.50243507902605 -0.6907453536736432 0.5200286989603172
