27
0.4055446833127354 -0.9139980937459684 0.011874109040640235
0.4820462901414281 0.6535503034343407 -0.5835266703774278
-0.827771689859109 0.029676614683214877 0.5602796873069193
-0.8225709446847143 -0.2517452490987571 0.5099032952597009
-0.07409738646373511 0.1653454050313347 -0.9834482570802939
0.591749551877234 -0.0702978638253011 0.803050856543154
-0.24364409425614475 0.38281751460238467 0.891116325654376
-0.15724165438194723 -0.06942735217765783 -0.9851166960806358
0.9017062946205076 -0.2500283923842225 0.35272023083956505
0.23003120848396824 -0.47011964248141247 0.8520992693791923
-0.5067621727411694 -0.6247758112813324 -0.5940094998536658
0.1406533743918684 0.9110632628481348 0.38753110760388265
-0.6977000247368216 0.4297801623414159 -0.5731524121383638
-0.09958792284962797 -0.6437575998168481 -0.7587215551838153
0.1917332770399811 0.18022587688219577 0.9647574740718794
-0.9155048937236405 0.0777947374638 0.3947135269926835
0.22395345077787937 0.130580826870336 -0.9658123521360344
0.46326726207313607 -0.681030038664396 0.5670815905388144
-0.6982684527817558 -0.6891827881288654 0.1935155094474253
0.41858214284259376 0.21473464788555008 -0.8824273458425749
0.2609580500866765 0.7981723481916482 0.5429749521637166
-0.9420094813154836 0.09084557809862957 0.3230560602305112
0.2552297135791665 0.407697524562187 -0.8767214619091752
0.7955737955241604 -0.08458096721608277 0.599923658360022
-0.9460754160675466 0.16850794815950934 0.2766701619612979
0.3586953008319296 0.6386861702115862 -0.6807478660572859
0.35938307852172796 -0.5732543194934606 0.7363581248647529
