27
-0.9883114205672016 0.02109151826281025 0.15098239577450623
0.6927527766798546 0.07252003333281787 0.7175196409630603
0.350578915967628 -0.250891776788105 -0.9023013576511288
-0.8914210939266234 0.2611631459211019 0.37035421492843357
0.7471667604232561 -0.29414068304899094 0.5960059485391813
0.13706637535073024 0.11197947945886444 -0.9842120731470095
-0.9631157192334611 0.26402546370838703 0.05194868505538969
0.43380225108007997 -0.2379740332623166 0.8690132141979894
0.5178485299288693 -0.17664804300175596 -0.8370354645737292
-0.9737849357240947 0.14577799407764375 0.17461865707741248
0.6842879330371937 0.08227062140994018 0.7245561189807933
0.36337766134915117 -0.3687380810754424 -0.8555635001548523
-0.9317548836877997 -0.06325360655939344 0.3575357576259535
0.6906759046577325 -0.24723035363818247 0.6795910144823586
0.37940008830301564 0.2607802482417286 -0.8877213724602142
-0.9450331320924902 0.324559789465102 0.03966512712480702
0.620721436638098 -0.02228983982139801 0.783714272639381
0.39559178115154037 -0.2051306821748065 -0.8952254162588602
-0.990280117141441 0.03027277048245622 0.13575289669708757
0.5840756453320756 -0.3629314145009578 0.7260416165057296
0.403061140774571 0.22399725404995924 -0.8873369974116826
-0.9700682163515031 -0.21720986592346062 0.10857039085370301
0.5918780432300582 0.30946734372343077 0.7442515334958478
0.4019398682997934 -0.28695944889272035 -0.8695393130631484
-0.9493221287646159 -0.12231021496188743 0.289530148954809
0.5678019896473849 0.24951164278514554 0.7844391886355053
0.3282601334872093 0.07084694769751848 -0.9419267459653665
