27
-0.9062885748734593 0.3629540611007255 -0.21657647283194173
0.13945622557331921 -0.373925765212773 0.9169141089867062
0.7559059007132843 0.1457125626804367 -0.6382586610018989
-0.8796605888727222 0.11229950463048166 -0.46215372944924216
0.015093674697419873 -0.4377787541921101 0.8989560297156544
0.7969218944995738 0.430879855345367 -0.4233887626340215
-0.8962158847541464 0.30024311882879395 -0.3265748880583164
0.10566467334363827 -0.6326657476564089 0.7671825262279749
0.8057383206178149 0.4009803437790239 -0.43589049380645906
-0.8286893498904353 0.5555660805741227 -0.06797272610153657
0.016381040860325213 -0.8337678650834243 0.5518720944698694
0.7436793374335433 0.2867259787844166 -0.6039281879201566
-0.8661898462913775 0.49903078822194963 0.026142352386519088
0.08884279164931491 -0.6781313341653129 0.7295511304871848
0.7549388383242391 0.2950423919028572 -0.5856768199014615
-0.932184852014929 0.19141838413719997 -0.3072302131760627
-0.04109818080047245 -0.6340567599131526 0.772193605738435
0.9276102049736437 0.20484791254797047 -0.312372598595801
-0.9637185805417743 0.10784254039265839 -0.2441648705285116
0.1743230289641004 -0.6243924120438924 0.761410268747929
0.7870591270239405 0.3550466610487874 -0.5044599082646888
-0.8728377854021663 0.45784867667687656 -0.16890467619185437
0.003170539135796402 -0.7945053304562292 0.6072489008291619
0.8553761881680146 0.21842885963800857 -0.4697024696468985
-0.8593077872016285 0.4425234282779881 -0.25644325352743313
0.18575665583741155 -0.48291486643083836 0.85573810046777
0.7065562097508435 0.12564546138679644 -0.6964133402623919
