27
0.7649526479974215 -0.38356201987623106 -0.5174240265296919
0.07115944523219694 0.7911043947964119 0.6075279169618857
-0.9127623027821372 -0.3968431949412855 -0.09685276066608886
0.7001058695943547 -0.6274133469669242 -0.34088746443261253
0.41126011092972253 0.7111481130508026 0.5702047723952813
-0.9743836292005357 -0.06780289108619147 -0.2144278692389316
0.6410619691810422 -0.45183197357875055 -0.6203929555706255
0.003717918639381451 0.9651873570174473 0.2615330627944866
-0.5436016538779355 -0.6117227742961516 0.5747107875345581
0.8225429239728237 -0.43597644023852056 -0.3651680185602037
0.1424232678227145 0.7402384437127615 0.6570864929614733
-0.939392316139206 -0.32777801231680753 -0.10051691907466032
0.6880805225140155 -0.48617065160429374 -0.538686636232509
0.08032623178788653 0.92198239356882 0.37880887322747026
-0.7422257474285265 -0.5942103571864565 0.3098628588045176
0.5015922629179957 -0.2925276902078886 -0.8141454122221901
0.029406775113468536 0.8324743017037773 0.5532827293348614
-0.6951223486864361 -0.6968309178073565 0.17672462291488866
0.7476581005058937 -0.1946856823171021 -0.6349053865330194
-0.20428308869747552 0.9661134357929336 0.15777594510124815
-0.6970318216357928 -0.6214976878333128 0.35761328784726876
0.800508235929477 -0.48823675378084597 -0.3475793959178518
0.08018008473022098 0.7302017019721645 0.6785105956796902
-0.9504299235872128 -0.23592082031971 -0.20254462937752504
0.6701214611164248 -0.1708294204108692 -0.7223257827831391
0.17229907615229234 0.6171771169505815 0.7677274481674041
-0.864746776989203 -0.49215633142315585 -0.09997578270204328
