27
-0.8050851983951262 -0.09123874465209421 0.5861000894040115
0.6355942063902815 0.694398812517398 0.3373874537939074
0.2522636331052373 -0.6413570296769956 -0.7245855504331064
-0.5887797917208794 -0.33520890898136313 0.735508901510133
0.6958408770350588 0.6508050698323747 0.30374040713668593
-0.3667404403975256 -0.2241430939658786 -0.90291822597865
-0.9771628390876822 -0.15991443977216419 0.13992911726461932
0.6177985315381715 0.03494451124898529 0.7855595811667296
-0.19902958877057086 -0.02314923962482454 -0.9797200291402693
-0.8219515402265237 -0.5477436966256518 0.15611697001322838
0.692646162476901 0.39017256544458057 0.6066355271333992
0.291463625694142 -0.006407719241571212 -0.9565604507982475
-0.39686906866866023 -0.8785502003378514 0.26579030798806746
0.18090259277212858 0.8854775594341243 0.428023064409978
0.4262174068166857 -0.14516542765316343 -0.8928973741369912
-0.24099516366426071 -0.8293271655695311 0.5041208025253904
0.2578927916864107 0.8698792055816112 0.4204776756177371
0.19860553379275542 0.2212470137190558 -0.9547803940526295
-0.9103486010642519 0.22326222081192712 0.3484528738559723
0.48788208467256455 -0.25441357941603815 0.8350118574393246
0.12271758094724472 0.5260275127771638 -0.8415672588260117
-0.906524458164451 0.40969012136267735 0.10182048520550313
0.7894650424782254 -0.2090487537724668 0.5770992681082104
-0.10883269036795483 -0.4326015319393348 -0.8949923798955015
-0.9051319397223446 0.11816688805206826 0.4083782049308655
0.4902187616345508 0.27581149943921557 0.8268092782005894
0.33743449065081876 -0.6739572870809156 -0.657205857939318
