27
0.24144977933159634 0.4137532172678587 -0.877787149177533
-0.7837177989663514 0.40317176017738815 0.4724816857602021
0.6268997532370199 -0.7780528364232925 0.04037924126370826
0.4467478270256784 0.7762158090273934 -0.4448655941560149
-0.7643186140945355 0.3166093959657701 0.5617611116255722
0.4552799131952545 -0.88887819122501 0.05114451882141442
0.47955966275779094 0.6867246982101254 -0.5462890432031796
-0.7756757237404224 0.11218297241509778 0.6210814377357322
0.5988591805702901 -0.7833229217327882 -0.16665197909021906
-0.03303577922150297 0.5845563084081677 -0.810680306650806
-0.7019909628171681 0.407221115464391 0.5842770329586491
0.4976147634902054 -0.8671591175547422 -0.020362023432557552
0.20601471788523343 0.6969434488669235 -0.6868972012580522
-0.46360723939065285 0.16041717784792806 0.8713981045629401
0.26343275670470767 -0.9583977499230929 0.10989511198097995
-0.054441682321078044 0.739745514319272 -0.6706807565977772
-0.7579650112646457 0.0971612749257677 0.6450183938101179
0.5591492383956862 -0.7786193709907229 0.28478764776502263
0.525456021974612 0.5189918715570114 -0.6741983433889225
-0.7977524288453719 0.11686744864735912 0.591551402430902
0.43162990250802247 -0.8708600623540758 0.23515607382666218
0.5722726741433519 0.5928902465980797 -0.5665555064754786
-0.9182858298073256 0.30889347049671945 0.24766097524552289
0.3994258231724324 -0.8662634995093162 0.30007759196730865
0.390624904301848 0.4698855601183862 -0.791593168572976
-0.7033672729376921 0.2936390192299329 0.6473411818707949
0.2097683790591819 -0.9716787756279816 0.10880066241061932
