27
0.3752036933143661 -0.926861853920492 0.01221852160970796
-0.6859272941269622 0.19835710446596688 0.7001129953654209
0.12370427554635374 0.48248112511341823 -0.8671269896161935
0.6955783211919745 -0.6876190037886174 0.20820880076621023
-0.8795589310632268 0.22812250713671872 0.41753587693103866
0.4431145663568114 0.5123877227437598 -0.7356006407446084
0.5799498355087683 -0.7404102557851164 0.33978057834663145
-0.04448412915106814 0.6771105770608188 0.7345355190091467
-0.45981432600239736 0.060892742528124225 -0.8859248610973536
0.3199517248125521 -0.945705344152943 0.057203984389521026
-0.45311234692625496 0.5822164806564158 0.6750653084813639
0.24047286953935465 0.38809610966118036 -0.8896933228261096
0.09008897181139627 -0.9893748986245706 0.11411085456513032
-0.27166746132344943 0.5438283115327027 0.7940072783253078
0.07708906152432757 0.37180501419625056 -0.9251044849160686
0.7083446315325065 -0.7001566158126399 0.08960243474854912
-0.588904823441927 0.40827314367148615 0.697498493964995
-0.10870562970818562 0.25368486931324646 -0.9611592340248656
0.26931675486723805 -0.9151422334717968 0.299971962129849
-0.22129649885416805 0.5900429193994969 0.7764516809572922
-0.09262880323933259 0.42392746836656575 -0.9009469498115659
0.4173966745352289 -0.889207490782723 0.18732339528960507
-0.34787746876393744 0.4710720366368689 0.8106000265390991
-0.004339487653086782 0.3613640322857602 -0.9324147172889785
0.5110597198167941 -0.7887005375378937 0.3417154150286721
-0.5547287662825042 0.7213729271942827 0.4146047464391156
0.2754926839981364 0.2906880753628105 -0.9162991999916664
