27
0.4405170168918994 0.14983013251425303 -0.88515291855104
-0.35277502581454045 -0.9342683325565734 -0.05188895781869553
-0.28510879590424687 0.5987526667841724 0.7484705862736841
-0.21703628088890392 0.6399138983070941 -0.7371604001378069
-0.7966783734006393 -0.6003589529931128 -0.06980470554859292
0.8066557357581509 0.26326868415506666 0.5291465996410973
0.10731273474820544 0.3245652279148733 -0.9397560267374867
-0.9221865814194331 -0.28952008788079264 0.25641768223630107
0.6640184523271635 -0.11834555133884593 0.7382911522206834
0.35579370696370993 -0.015509423390060062 -0.9344358168815713
-0.8305198784692044 -0.24300904952666846 0.5011819363421262
0.8528830055865885 0.15374392847321106 0.4989522855336086
0.06486126639203238 0.40293787709235235 -0.9129261105513029
-0.24227156071110822 -0.957792872935609 -0.15471684919348302
0.1911981372834346 0.6800525976592018 0.7077935692815513
0.11897147870071637 0.8378145595238656 -0.5328344499988675
0.08468153486533213 -0.984771868370723 0.15183347759465743
0.060211888465116166 0.6049856732386295 0.7939564620704757
-0.554680367741405 0.6905792204772203 -0.46414440628681075
-0.014691890711273192 -0.9734481378113979 0.22843570504378152
0.7274004419606115 0.31736809592296106 0.6084127618038112
-0.49394169822912193 0.7554630175041684 -0.4304616451369705
0.055564357582306684 -0.9908452403424164 0.12303784725540667
0.340577832747932 0.4760409845998812 0.8107969664607148
0.12109528017030649 0.46386623493031487 -0.8775899094748356
-0.4071202015443819 -0.6798086933012939 -0.6100108867933828
0.44429050153985583 0.0884149481080449 0.8915092524435827
