27
0.7920403725538727 -0.574166513212096 0.20737613978128283
-0.8988779947087863 -0.43753334480368133 0.024143794507383215
0.217027055939238 0.9549487478157146 -0.20241577516474818
0.6489019416824278 -0.0915446769130446 0.7553448498597579
-0.8634946184699859 -0.48489116157447826 0.13877177414851682
0.09192095594101685 0.32215800102855274 -0.9422126937333086
0.6731796323959769 -0.5621892001969393 0.4803878492521878
-0.9782407660709344 -0.2057522363560741 0.026664973868812766
0.3465727391547071 0.6996924114573762 -0.6247542443423377
0.7664521958329065 -0.6373275304337733 0.07977875941693058
-0.9166756057819333 0.0439428769448383 0.3972088333989283
0.32625834967732137 0.8005209381532082 -0.5027143491528148
0.7302820989892607 -0.4283707528500632 0.5321527543840291
-0.9040231780744729 -0.2287204262118071 0.361149636767948
0.1506185781501323 0.8002554850424338 -0.5804353560695037
0.5934738564189691 -0.6901664365506918 0.4140761664309073
-0.9598458632360436 -0.06951253124999607 0.2717791876282531
0.5294354966438694 0.47084896480982674 -0.7056906597305745
0.755910001113855 -0.6304300495529621 0.17651635288749434
-0.9478007652848053 -0.00395264504424242 0.3188386518643743
0.2723446471727581 0.749185787820775 -0.6037789732043595
0.7077912642024663 -0.6795308849274647 0.19305259062848912
-0.9280766790062185 0.06242180887086041 0.36712013791411713
0.13025982628658905 0.7803218192126171 -0.6116618641999023
0.41008859962334243 -0.8827059617987032 0.22947227602478243
-0.9342126715941462 0.02213125482962955 0.35602934119619095
0.4158462818237664 0.7975156385530653 -0.43708200163887523
