27
-0.42662286528497717 0.5618322827214045 -0.7087576573893871
0.08849087943129058 -0.9903796732948091 0.10638358417510396
0.6506256144734345 0.4162238528763629 0.6351724286269224
0.32253089669431123 0.37163337959859233 -0.8705529575193534
0.076415895151694 -0.9821109023969354 0.17210109343418728
-0.28029899264712643 0.5484431987497784 0.7878086902707521
-0.366517328117525 0.34855560356959026 -0.8626552262693541
0.50457608326191 -0.8360375207890121 0.2155092574184039
-0.17482532038417026 0.7140135060914264 0.6779534058263897
-0.3925935734356232 0.7672909597552741 -0.507084676533296
0.06094954242924587 -0.9846968870678328 -0.16327030923160757
0.07208279306772003 0.32538131286407945 0.9428314123863306
-0.07134551488714028 0.6229274030119243 -0.7790194272816995
0.5177390613462503 -0.8436440002769204 -0.14216562577873404
-0.5278178507237934 0.2686556803493398 0.8057496148763234
-0.2015403741549041 0.5236616921655991 -0.8277438672341592
0.12289008339321558 -0.9895672679775201 -0.07519740388546758
0.0996742338642061 0.3600273686567653 0.9276019302058778
0.007710365533300789 0.7107683451566738 -0.7033838992943939
0.6755297172969468 -0.7366469294515143 -0.03179469104052637
-0.35456930800801234 0.3566565841056895 0.8643359802951508
-0.3731800489634646 0.7156275009172492 -0.5904353740982663
0.7104348684228206 -0.7012599713598764 -0.05930219470977349
-0.2787579794381374 0.409066981419582 0.8688833026430179
-0.7170853801392997 0.386477375418609 -0.5800205133269183
0.1670452397617988 -0.9825984213647244 0.08121717924474964
0.5803812250658484 0.6195183357654034 0.5285401264251655
