27
0.38104171676465587 0.6565356591148184 -0.6509747601833074
0.0694699397701129 -0.9133293164217877 -0.4012523984138249
-0.5391396310294851 0.19664605929760776 0.8189375956787631
0.85534237435909 0.4534836370814631 0.25048355939087497
0.014639649347227938 -0.849241476051238 -0.5278016635264662
-0.8808970904969133 0.2796025814595944 0.3818935877901094
0.4829911789754048 0.861043631532375 -0.1591332323227519
0.4845651587176019 -0.8737351953791557 -0.042230502160590766
-0.9850854853441869 0.15134808534906902 0.08185562671788937
0.6329011683466659 0.6829934054684054 -0.36463148409331747
0.2460434893254927 -0.9603666821536404 -0.13099021783990583
-0.764851123318539 0.17486949654994927 0.6200188854661904
0.5705884210324237 0.8120441781580058 -0.12252798253221217
0.3134288560166865 -0.9425931668399729 0.11524093909137825
-0.939462675301126 0.34110807917133135 -0.03248322705793071
0.616231435638939 0.7740904167178555 -0.14506151962511848
0.2310647588486 -0.9384909822093772 -0.25660037710400496
-0.6820094357411041 0.13048352898084492 0.7196090454022971
0.6617922145489044 0.7453357383293252 -0.08065793160958322
0.1016592994744035 -0.8664131931182807 -0.4888696816340302
-0.7681138127693944 0.3592916586198034 0.5300100703563038
0.7873910190950413 0.4379572139768789 0.4338304527970389
0.21054366134135882 -0.9632452833877784 -0.16682293217712585
-0.8274436021528094 0.5076858432436302 -0.2399836865838738
0.35278034109452616 0.736984829897463 -0.5765408844463987
0.06652935689644371 -0.8537451370139435 -0.5164233589759362
-0.43810225716645657 0.11619422043141893 0.8913839326597657
