27
0.48893509073958186 -0.8439896439356789 -0.22050840794129145
-0.5263975692332209 0.6915680505892761 -0.4946101803536852
0.14095617043110417 0.3135574745980373 0.9390490232895716
-0.02121938013441496 -0.9942547167266548 -0.10491566219354806
0.15953780985661556 0.6278604872473416 -0.7617997740743202
0.029099307874606094 0.3911105965815088 0.9198835423698342
-0.3082297766741573 -0.9512976191427766 0.005219634535568507
0.04482793417969124 0.6076793431776271 -0.7929163084414321
0.24287130592682138 0.31378714905302524 0.9179058523871471
-0.17625388712862614 -0.9675819977292652 -0.18088572343414738
0.4897761054931561 0.3847106340562063 -0.7823791245502579
-0.1524252249534115 0.46899741638052805 0.8699471100166323
-0.5618980141869896 -0.813145510101234 -0.1518716598148594
-0.01915807416509885 0.6896494059044699 -0.7238899537428986
0.5688813346464628 0.06694469919999074 0.8196904503163872
-0.41702509156549283 -0.9069046152224673 -0.06011731774605936
0.09431470426592364 0.48421441651846653 -0.8698512145159726
0.5137086739398231 0.2813694067789877 0.8105150555343373
0.4826016040851937 -0.8629084871232313 -0.1499487732030341
0.04705845057307592 0.6250429590691713 -0.7791705856535631
-0.40816767553818034 0.09172060150015865 0.9082876636320719
-0.4427623263202607 -0.8366321267091517 -0.32250303401610547
-0.27893640360065397 0.6323404346364644 -0.7227309717108428
0.41626742135936146 0.22329158205509286 0.8813979256261969
-0.33793909119894616 -0.9303886160184266 -0.14203588920743196
-0.07535547149005106 0.583624722384422 -0.808519471836156
0.18847004384164123 0.28982306298083266 0.9383398290271703
