27
-0.01252589391201743 -0.30142698194452133 0.9534069836840523
-0.8193428386025728 0.054974502806944936 -0.570661998797717
0.9345395575803641 0.24613427946810212 -0.2570092056487775
0.13861436488707796 -0.4251736825815261 0.894434680391483
-0.8822410623439323 -0.07485064286746085 -0.4648097343823362
0.668019347931322 0.533132061961924 -0.5191534987820445
0.08825259102142863 -0.2792262661269386 0.9561611644920603
-0.839416970200903 0.37912764895212514 -0.3894115765340957
0.8308482749848876 -0.13913107869154662 -0.5388262121470736
-0.19598146588048768 -0.8517274936901331 0.48595425867427056
-0.9481441258949687 0.2472123008400116 -0.1997718569875454
0.8800150340015109 0.4103166222191624 -0.23919408325035618
-0.09411131498349368 -0.6159659819158756 0.7821310436969551
-0.7333995431249425 0.642039433472561 -0.22340652633788272
0.8335587672250502 0.24690791454084632 -0.49418241907148364
-0.2917826384379894 -0.6106429197513672 0.7361916302591951
-0.8202331126846726 0.49340065667707245 -0.2894364055302064
0.8135512003459456 0.041752298241903296 -0.5799924051288861
0.2773255873507883 -0.5365308531664307 0.7970101393339
-0.9138940861767363 0.3697010439206916 -0.16768642573309067
0.6761653978698628 0.23819970450295277 -0.6971809345486981
0.1176808262905537 -0.7417884892697286 0.6602280365983443
-0.8733380743943779 0.3301507961090866 -0.3581634538051828
0.8722361289599336 0.3603582970502266 -0.3306751171226084
0.17752895440604227 -0.4888189498096581 0.8541308475019976
-0.8325528300449114 -0.025955829639114775 -0.5533372209529686
0.8183049910743314 0.4701767450322405 -0.33062179301087535
