27
-0.13685912266184186 -0.42581416106678904 0.8944002911332365
0.6853601369422099 0.7215703112311675 -0.09807022300530954
-0.6232672751075202 -0.4843274088567094 -0.6139746450873953
-0.2933577249180547 -0.3335106539605781 0.8959419004185988
0.5028128512375667 0.806068205208372 -0.3121430524335015
-0.33510831076143954 -0.38606509436153535 -0.8594510823625934
0.27688316631695975 -0.7242296162310926 0.6315276519552091
0.5394619609875156 0.7953138857318011 -0.2765078946606903
-0.8979185689319802 -0.12239946468024115 -0.42280091605049064
-0.2940093636077066 -0.15264171920587172 0.943535372770342
0.5555210355913276 0.7676353982389235 -0.3195814049442006
-0.5557910019806315 -0.590522389898427 -0.5851321809181366
-0.1757710532574619 -0.23602610682608074 0.9557176433096153
0.5554183992092544 0.7745086650280624 -0.3027321086642128
-0.43608843292936406 -0.4570194597178113 -0.775216158309701
0.38220949570200546 -0.3796491077058879 0.8424858790587185
0.7658890311436608 0.5766216616991293 -0.28446695982690173
-0.8841591074650477 0.012696092692443595 -0.46701336374557456
0.021371145131565406 -0.025865849128163237 0.9994369574938908
0.8272189965144634 0.5072353839011841 -0.24170435892681946
-0.6702200325144829 -0.22367512266018907 -0.707654257048761
-0.53100342410518 -0.046636320585954336 0.8460853486444364
0.9525796279462495 0.21566323100314005 -0.21466584082026396
-0.7148662996731141 -0.21906311843165566 -0.6640613855169326
0.08381072699502926 -0.5047358226258194 0.8591958515954333
0.6749461387574687 0.7195256475473619 -0.16349480816812834
-0.7200782748735938 -0.2780565153295514 -0.6357451158584363
