1 1.0
2 -0.6056771707653874
3 0.24966189524609794
4 -0.0007117529717942423
5 0.011013277423498264
6 0.0030066151356223274
7 -0.0025772814813594985
8 0.0007612430262357876
9 -0.0008442890298487377
10 -8.818351739713868e-5
11 -0.0006322129952213995
12 0.0004159876829889414
13 0.0004910908176883653
14 -0.00052952443432206
15 1.1442399065671793e-6
16 -0.00026848390039241994
17 -8.705301569735052e-5
18 0.00029542940530683675
19 -0.0006608630458742575
20 0.000252344448302458
21 -0.0001545708770750432
22 0.00022898316264345793
23 0.00014612993836682578
24 -0.000139378587695816
25 0.0002190856424474567
26 -8.64001565074351e-5
27 9.26912181581353e-6
28 8.793076562140944e-6
29 -4.1973300685018726e-5
30 9.574427909962604e-6
31 0.00010969538119213625
32 -0.0002862712716113988
33 0.00031293683584942574
34 -0.00033798832071804067
35 0.00035717373117056763
36 -7.715743534076115e-5
37 2.8356137258184996e-5
38 -3.351573008617638e-5
39 6.753045180319285e-6
40 8.77303797477276e-6
41 2.1080922382088316e-5
42 -6.137554975685002e-6
43 -6.227757111552912e-5
44 0.00018581021884613253
45 -0.00010050313757554295
46 6.735334078169213e-5
47 3.9089309997917504e-5
48 -0.00010645815359211811
49 7.173669797886377e-5
50 -0.00011178372627396187
51 0.00015110521964694
52 -0.00010979109786689114
53 -2.285450377968608e-5
54 0.00015188207215948078
55 -7.899058410283685e-5
56 7.470442861272915e-5
57 6.089294096738837e-5
58 7.968849705333645e-5
59 -4.598992448247537e-5
60 1.7680934641304076e-5
61 0.00012935770760003678
62 -3.93784407266e-5
63 -4.057121027414886e-5
64 6.140257847190253e-5
65 -7.052386854936764e-5
66 7.212568157759377e-5
67 -2.0376135206399102e-5
68 0.00012554687628732862
69 -0.00015085866452708963
70 8.395271613782408e-5
71 -1.751133086652709e-5
72 -3.3033201437680515e-5
73 0.0001687596245244893
74 -0.00027931882899136245
75 0.00018959847984514183
76 -6.472029039220498e-5
77 3.0620216281266464e-5
78 0.00011832248885064716
79 -4.453603598162987e-5
80 0.00010040495065042704
81 -0.00011715321536762618
82 0.00017951716664243205
83 -0.00011087407446257377
84 8.296135874412476e-5
85 -7.704227035356424e-5
86 1.911844847413328e-5
87 -8.951172199986055e-5
88 7.432658659323572e-5
89 3.8909151801127374e-6
90 3.448148189071435e-5
91 -4.1153678531419843e-5
92 2.229414687592643e-5
93 2.219297112443176e-5
94 2.1100406264389447e-6
95 1.81663213374114e-5
96 -0.00012984523659832344
97 7.344843751534717e-5
98 -5.449166552075364e-6
99 9.955435709458531e-5
100 -3.6526062474944715e-5
101 -7.510396721073787e-5
102 3.0806685752951903e-5
103 -0.00011900346415747405
104 3.784405069238209e-5
105 -7.769153107070353e-5
106 8.628530426708209e-7
107 -0.00012849502260649557
108 3.214225943107144e-5
109 -2.2211090165674902e-5
110 -6.980744429946115e-5
111 6.204378529898349e-5
112 5.9460725164563316e-5
113 -3.931132207949898e-5
114 0.00012671521306714667
115 -8.987595683511684e-5
116 0.00010188250472609154
117 -6.337250201248641e-6
118 -2.392369551530529e-5
119 -4.124804553932555e-5
120 -1.9545018559338036e-6
121 -9.834674870324591e-6
122 -6.185059732336008e-5
123 5.16804335175387e-5
124 5.777391152854964e-5
125 6.823198950945859e-5
126 -8.888691431047107e-5
127 0.00024701005318334616
128 -0.00020361494937267286
129 4.626232558943208e-5
130 -6.105803487679662e-5
131 8.549093405691292e-5
132 -6.384314614954732e-5
133 1.7677053836483964e-5
134 -5.454089126298671e-5
135 0.00010409803512891332
136 -6.117051225793609e-5
137 2.852352823007514e-5
138 -1.818197997691315e-5
139 -0.00015468736856771192
140 9.210337132288881e-5
141 -9.370207918094093e-5
142 -4.6113107719087946e-5
143 0.0001127472254727661
144 1.3622919675397043e-5
145 2.974950791474194e-5
146 2.5914975189543903e-5
147 -3.822288201605299e-5
148 0.00013445044392251012
149 -0.00022142315886196723
150 0.00014380856796949548
151 -9.51227134212096e-5
152 4.6047042138807405e-5
153 -3.379531916678754e-5
154 0.0001336394901612015
155 -1.9615341552136072e-5
156 -4.984642483984345e-5
157 3.172761889651722e-5
158 4.480586573623742e-5
159 2.5468402546577957e-5
160 -8.933734965889517e-5
161 0.00014465697957453063
162 7.137905516400394e-6
163 -9.355460802936761e-5
164 8.774476337449814e-5
165 -0.00010937539603028951
166 3.0052437333629305e-5
167 -5.869439706031721e-5
168 -4.197758562533327e-5
169 4.393581781409093e-5
170 -1.5636062721161595e-5
171 -3.2601199516333266e-5
172 0.0001461966058043372
173 -0.0002560161078485797
174 0.00019755467037346034
175 -5.013013955272872e-5
176 -2.124197600252717e-5
177 1.7397076274506313e-5
178 -2.8031904749286903e-5
179 -4.847629263178728e-5
180 -2.3847171411583492e-5
181 2.6515931870581367e-5
182 -0.00010568568186389898
183 8.643451129479554e-5
184 -0.00013623703482083026
185 0.00017237359116537308
186 -0.0002125179466344013
187 0.00018651425131632765
188 -0.0002762226280569403
189 0.00022739275214288628
190 -0.0002254968917789892
191 0.00010181848134692272
192 -0.00010409252026601269
193 0.00013918431146413217
194 -0.00012897083323408173
195 0.00010241004151756249
196 6.34057279285669e-5
197 -0.00015484626715313204
198 0.00018537414286273212
199 -0.00015840250456837762
200 0.00019360056788507844
201 -0.0001752938844179089
202 0.00020945262018153528
203 1.933184753074923e-5
204 2.6569742645029927e-5
205 -0.00011799850835223053
206 0.00016588492117341572
207 -9.631561989839047e-5
208 0.00011506266162138968
209 3.146042381200236e-5
210 0.0001013038380005005
211 -2.409024148545048e-6
212 -0.00011336011097641561
213 0.00016303246418410835
214 -0.00018461171780108135
215 4.700519749827069e-5
216 -4.324216274447997e-5
217 -8.978117109647418e-6
218 4.3348343115023073e-5
219 2.5162041255610274e-6
220 -1.5186475049970096e-5
221 5.7660752016714024e-5
222 -7.776164501771363e-5
223 0.00012515191073076199
224 -0.0001798908328653011
225 6.934531328363003e-5
226 2.0718658440102894e-5
227 -5.070604998560151e-5
228 4.365662914719234e-5
229 -8.549385850296123e-5
230 0.00010156147160547929
231 -0.00014160616989436524
232 5.894590883163076e-5
233 -0.00012862424382923093
234 6.355204745954136e-5
235 -6.940523988601901e-5
236 -2.9464250939224974e-5
237 -4.718508208663744e-6
238 -0.00014239144958427778
239 9.548108027178229e-5
240 -0.0001270106417132328
241 -7.856374075384679e-6
242 3.932767101019934e-5
243 1.585808244104479e-5
244 -4.03908169061601e-5
245 6.249166810505377e-5
246 -0.0001759188448123063
247 8.296548068691466e-5
248 -0.00010167354008344022
249 0.00012479710610470795
250 2.877124630457454e-7
251 -3.0231723396838826e-5
252 0.00010776184981051764
253 -4.366433350160989e-5
254 6.866018079248303e-5
255 -0.00013165702034740394
256 5.388556868078344e-5
257 -7.175736528261759e-5
258 -4.11489729865268e-5
259 3.689334069488073e-5
260 9.570329297364556e-5
261 -0.00015623877667094834
262 0.0001006196501633976
263 -0.00013681526966588664
264 0.00018870925331064182
265 -0.00020638113454785344
266 0.00020459674244987022
267 -0.00020028324436330088
268 0.00030022949647942306
269 -0.00027078216085033355
270 0.0001599431947474183
271 -0.00015580178349541837
272 4.8977071163088926e-5
273 -9.023464022512474e-5
274 0.00013269219545465464
275 4.6591823412690504e-5
276 -9.194079791200787e-5
277 0.0001325525037784368
278 -5.7745272245564156e-5
279 9.235252420319678e-6
280 -4.6383421772298354e-5
281 3.42962422690523e-5
282 -1.1643139479712014e-5
283 -9.715918740350464e-6
284 -9.301823046400875e-5
285 3.436343599691753e-6
286 4.999940750240439e-5
287 -7.760335249909434e-5
288 8.818933289737383e-5
289 -4.66739768710032e-5
290 7.167456311360223e-5
291 -0.0001407037676138122
292 0.00012413767308597497
293 -9.890269060462222e-5
294 0.00017224945529083509
295 -0.00017132396013310803
296 0.000216504702374734
297 -0.00014147000228161127
298 4.194855850005117e-5
299 8.954677257106418e-5
300 -0.00013013876170855926
301 0.00010588360632095422
302 -0.00010386679749455244
303 0.00010492628054742346
304 -7.914065315147279e-5
305 0.00015951154618484403
306 -0.00023041430010424922
307 0.00028740190905829783
308 -0.00010312375753157884
309 0.00015926904355246743
310 -3.4474688127412645e-5
311 0.00018435093333175719
312 -0.0001351611187636054
313 0.0001315352289085094
314 -7.677524064356807e-5
315 0.00011400652412707863
316 0.00010218159080415156
317 -0.00010183694417234376
318 0.00019066586987901595
319 -2.772697927342771e-5
320 5.41458437956671e-5
321 -8.310269467186162e-5
322 0.00012554355662048157
323 2.599320219406896e-6
324 2.529152585884057e-5
325 -8.191957104923531e-5
326 -3.3346649338561194e-5
327 0.00011718030310220315
328 -9.87157766945801e-5
329 7.524491627838395e-5
330 -9.689643015297977e-5
331 4.4179414663468945e-5
332 -5.8614683610451905e-6
333 6.916066239697413e-5
334 3.250676254997392e-5
335 -3.995082607105619e-5
336 -1.3990869103737916e-6
337 4.299662621609228e-5
338 -0.00010298252483501589
339 0.00020337572029747078
340 -0.00021592839849666234
341 0.00015278436131146324
342 -7.77142913965473e-5
343 8.474727010260218e-5
344 -8.294021323665284e-5
345 -3.734115559443163e-5
346 -1.0057867157532647e-5
347 3.997217167951004e-6
348 1.7981950283517128e-5
349 -4.411342565296813e-5
350 7.98614239600588e-5
351 -0.00017660563563024606
352 0.0001738936337320844
353 -4.944931748238872e-5
354 -5.945076761402438e-6
355 -2.0020244001951803e-5
356 -5.303668156516935e-5
357 8.479643761790182e-5
358 -5.853621360312627e-5
359 -5.786935729796895e-5
360 4.746868300293602e-5
361 -8.911932330786805e-5
362 4.9141934980973153e-5
363 -0.0001492795736970768
364 9.537521399737363e-5
365 -9.300078403955422e-5
366 0.0002043464789461907
367 -0.00021115564196152127
368 0.00015082724987696043
369 -5.381961613387426e-5
370 6.831477380562584e-5
371 -4.332122721326177e-5
372 -1.3711241221976613e-5
373 -3.980302522167987e-5
374 0.00011138748386327972
375 -0.00011544017999600767
376 6.493469496829095e-5
377 -9.057641012030094e-5
378 8.540293190364405e-6
379 3.1901211471258695e-5
380 2.357656025325329e-5
381 -5.2026748038170035e-5
382 0.00010549285197850935
383 1.315540913817036e-5
384 -3.3746141568157443e-5
385 5.669074819478359e-5
386 0.00012020286079568393
387 -7.059484694875592e-5
388 -1.0507551453037346e-6
389 -2.8676287457797333e-5
390 7.161612898477185e-5
391 -0.00011208931783115037
392 -3.415556818736363e-5
393 -3.089396023922389e-5
394 3.65519390172137e-5
395 -7.050359625037129e-5
396 0.00010777804144248948
397 -3.0400047227654808e-5
398 4.299099485390402e-5
399 -9.110265792662178e-5
400 7.666994057321878e-5
401 -0.00021435131876546047
402 2.7355673747112596e-5
403 1.0070945113863028e-5
404 7.014088189539338e-5
405 -5.281807764997733e-5
406 5.030193389760509e-5
407 -0.00014552077216861096
408 2.0538936437181916e-5
409 -1.5387634108976726e-6
410 -0.00015154340040793575
411 0.00019657651688732055
412 -0.00019901869184204968
413 0.00015090506743436273
414 -8.087025759521093e-5
415 4.043962138730053e-5
416 -4.657502357962273e-5
417 5.3105846413358185e-5
418 -7.513234873074134e-5
419 8.012192156404968e-5
420 -7.754360545855187e-6
421 -5.959214597101337e-5
422 6.335775039723332e-5
423 2.6703848334221323e-5
424 1.7731523243844276e-5
425 0.00012911337499095128
426 -5.83029723655316e-5
427 5.720378735420296e-5
428 -9.103111592484405e-5
429 4.367311116701028e-5
430 -0.00011978400925796702
431 0.00015343785288705788
432 -2.7261885855028708e-5
433 5.534004262862989e-5
434 1.2121625950887885e-5
435 8.939589884853486e-5
436 4.3632232433310254e-5
437 1.302926560248188e-5
438 -6.504712846496774e-5
439 4.880146166216218e-5
440 -5.367253038814556e-5
441 8.117671713678928e-5
442 -0.0001551419581925378
443 0.0001544641570283612
444 -1.944308468851174e-5
445 6.996904111481958e-5
446 -4.43659853684592e-5
447 7.3968260161731e-5
448 -5.7344391934619144e-5
449 -7.74795646162924e-8
450 3.813883806266806e-6
451 9.78351185844763e-6
452 -1.3350477467416078e-5
453 0.0001431123411350029
454 -0.00015492764866000715
455 0.00017756200610221368
456 -0.00022579331397416393
457 6.690964922013104e-5
458 -6.077386513903888e-5
459 0.00011686916101233828
460 -0.00015458993945859372
461 7.780245969748106e-5
462 -0.00010263174926822254
463 6.0960119735736014e-5
464 1.1629212060535088e-5
465 -8.775471039256998e-5
466 0.0001079607499438907
467 -4.5266027688313214e-5
468 3.083975243002758e-5
469 3.473121509006997e-5
470 -3.504829316765275e-5
471 1.0946983450937087e-5
472 -7.1784964895845275e-6
473 8.919027870923941e-5
474 6.576304187228618e-5
475 1.5129459973410113e-6
476 2.818456199573645e-5
477 -5.618062838066823e-5
478 0.0002281320043294814
479 -0.00015617067025079678
480 4.084912658113097e-5
481 3.5872861725387395e-5
482 -7.959811067773112e-5
483 0.00018526395308174364
484 -0.00018648792945958007
485 0.00014569027377720208
486 -0.00010965622123270998
487 0.0001272322188341921
488 -6.872804296030949e-5
489 0.00010718991517440668
490 -9.405861988963806e-5
491 9.2623927553488e-5
492 -0.0001128511837620675
493 0.0001301960484259428
494 -1.2760792247169968e-5
495 -2.9004202939353008e-5
496 5.067685793193656e-5
497 -0.00021870675547454448
498 9.091275412828602e-5
499 4.114143785880383e-5
500 -6.468286877593675e-5
501 -5.502721780551705e-6
502 6.103883219044514e-5
503 2.6826400777487596e-5
504 -3.254003030691803e-5
505 -2.8951833152353888e-5
506 8.061651693149013e-6
507 -4.569567698413645e-7
508 -3.251054511896787e-6
509 0.0001386618579707035
510 2.5064303565129515e-5
511 1.6037649462794643e-5
512 5.0730934264261126e-5
513 -9.340753378718417e-5
514 0.00015558795906856705
515 -8.688081747052475e-5
516 8.046267274681402e-5
517 3.575159760102554e-5
518 7.200874931716098e-5
519 5.635083781740629e-5
520 2.8554543270909695e-5
521 -3.6259315704426787e-6
522 -5.535991244327234e-5
523 8.777488644192639e-5
524 -0.00016772553828746888
525 9.569677575307835e-5
526 -9.772705459019527e-5
527 4.237911710119542e-5
528 7.010722604998171e-5
529 -2.1423208180447166e-5
530 3.127537017552761e-5
531 -3.4316806709859187e-5
532 3.6940998585576894e-5
533 -5.9074730050308045e-5
534 -3.580880180773461e-5
535 0.00012999033265471656
536 -0.0001004730401935939
537 2.0081923702190806e-5
538 7.949428616024521e-5
539 -0.0001625089191881409
540 8.933206413228078e-5
541 -7.902751858705249e-5
542 6.005909002941202e-5
543 -3.49170997392888e-5
544 -5.657262521867573e-5
545 0.00014530452210629116
546 -0.00014181587421452295
547 0.00014511852099548389
548 -0.00011314590730841655
549 0.0001499367195906771
550 -2.5191975464614414e-5
551 7.542244121227936e-5
552 4.330467262378429e-6
553 5.6543886016126126e-5
554 1.141296832434167e-5
555 -3.540782556782084e-5
556 -2.176137189272269e-5
557 2.199899021275295e-5
558 -4.165174977455422e-6
559 4.722663238310762e-5
560 -4.06709334612782e-6
561 -1.0843970837299954e-5
562 5.428201824268723e-5
563 -6.476012139827908e-5
564 3.5804499770239514e-5
565 3.0942101534756524e-5
566 9.439545666812895e-7
567 -2.4829714221833e-5
568 5.058318304092495e-6
569 -3.929252542438572e-5
570 3.9130369031831324e-5
571 -0.00014441106847830687
572 0.00018914703524030416
573 -0.0001420603691354181
574 5.3778041563468405e-5
575 -3.197259423300368e-5
576 0.00013865330701790435
577 -0.00014985811985371362
578 8.341008539847857e-5
579 -1.4388572346137532e-5
580 -2.2515534761887087e-6
581 -5.015436950491534e-6
582 -9.942807629091667e-5
583 0.00010601489484175804
584 -5.575461643022243e-5
585 4.155778783609014e-5
586 -3.4879064930078284e-5
587 -3.9797544120150384e-5
588 -4.2856114501353964e-6
589 -1.541573020048067e-5
590 -3.313822096781152e-5
591 -3.8774149692581794e-5
592 7.364249554494466e-5
593 -3.2764207544038325e-5
594 0.00012861078323976436
595 -0.00012339523088237566
596 9.907815677851931e-5
597 6.523743860152031e-5
598 -0.00015159266210996482
599 0.00010356121196572475
600 -9.974479241694959e-5
601 -1.3409744728919444e-5
602 6.0659469319393356e-5
603 -9.902819000116334e-5
604 0.00016156787204333857
605 -0.00014683564992289743
606 5.5913883800085326e-5
607 -3.2320477576983015e-5
608 6.379186260548234e-5
609 -8.963878919970553e-5
610 7.512320141043639e-5
611 5.596263722699661e-6
612 -0.0001386643245335195
613 3.5318169155937314e-5
614 -1.8076512576085822e-5
615 -1.5297414873440753e-5
616 -9.406315660558077e-5
617 8.815422249436374e-5
618 -1.0530720871546208e-5
619 -8.340290884599141e-6
620 -8.514427126548118e-6
621 1.0701637504036294e-5
622 -5.350477458533646e-6
623 -4.4272916342937055e-5
624 6.958019760680431e-5
625 -5.4619464504009e-5
626 9.196333860801682e-5
627 -1.3480136453160948e-5
628 4.893108909631858e-5
629 -2.590368879469413e-5
630 7.932860668677273e-5
631 -0.00016452037627987694
632 0.00016344149175980316
633 -0.0001849972763996204
634 0.00010516050659824877
635 -2.382436579799285e-5
636 -7.191336699137921e-6
637 0.00010902449874189074
638 -1.827258328040152e-5
639 -6.79411085884124e-5
640 0.00014501300901548559
641 -0.00016831210520942084
642 0.00017742427154043041
643 -0.00015602222367596376
644 0.0001679096603715364
645 -0.00012557456423915007
646 8.009415986630266e-5
647 9.317594707356647e-6
648 -9.992043590288504e-5
649 9.607712548504704e-5
650 -7.25525149114092e-6
651 4.12164976341135e-5
652 -4.8117208099724525e-5
653 5.993263043263063e-5
654 -9.619829847152986e-5
655 0.00013529773092371453
656 0.00010253646663128161
657 -3.38871409975578e-5
658 -8.049233764189968e-5
659 -2.1868024732042242e-6
660 9.70543099128439e-5
661 -7.633641186099656e-5
662 -4.9093748245378686e-6
663 0.0001467418134956636
664 -0.0001516418551990112
665 0.0002152181699228984
666 -0.00023449793159295237
667 9.599687703841973e-5
668 -4.001750656986041e-5
669 -0.00011436929316790657
670 7.367431407870152e-5
671 2.1311933214367558e-5
672 -8.728520380134054e-5
673 0.00012050394445835166
674 -0.00010746372843351085
675 -5.588873785785618e-6
676 -2.962742789207592e-5
677 9.814246880863061e-5
678 -7.40040150859457e-5
679 -9.015514742828077e-5
680 0.00010817491102659253
681 -4.587368051877452e-6
682 -6.874045336382361e-5
683 3.074692600857007e-5
684 -7.464648485888659e-5
685 -4.835570611582854e-5
686 0.00014259921562133614
687 -7.755082535295119e-5
688 -8.806554345455713e-5
689 3.377801091096619e-5
690 -7.634781048463972e-6
691 -0.00013442133208926672
692 6.403231280522839e-5
693 5.849199932841858e-5
694 -3.3568564669045696e-6
695 -1.5672303287583153e-5
696 -1.4276373752276509e-5
697 -0.00014434679027216827
698 -0.00015162400998868923
699 0.00014281072126515914
700 -9.492040963631843e-5
701 -6.019743249648691e-5
702 0.00016564077202575484
703 -0.00011864162504484239
704 0.0001324309399506703
705 -6.609616703296065e-5
706 0.0001862346418589293
707 -4.817351121717877e-5
708 9.957085996558146e-5
709 -7.134338511805714e-5
710 2.9229747467244246e-5
711 -8.995265355814031e-5
712 0.00010038059337776755
713 -0.00015492082610267491
714 0.0001696831139926725
715 -0.00013112759382307836
716 0.000145661565888018
717 -0.00015969010015190775
718 0.00019260071927776717
719 -0.00022930185803771982
720 0.0002137555950526895
721 -0.00018884871060001227
722 0.00011034616930775193
723 -0.00010732569602307164
724 1.1337678153201665e-5
725 -5.5315075062375886e-5
726 3.24279820020375e-5
727 9.90036465564832e-5
728 -0.00010870908059749873
729 2.6834793752090163e-5
730 -1.1207347126598283e-5
731 8.056321218751826e-5
732 -4.3305430312025046e-5
733 0.0001400767311776724
734 -0.00017902809918862473
735 0.00014124009441358242
736 -6.144380343558236e-5
737 7.012611678085255e-5
738 8.647854159935578e-5
739 -0.000249415865877632
740 0.00030447784472568127
741 -0.0002933125238660364
742 5.5140661120847274e-5
743 1.14736137904407e-5
744 3.782642831431421e-5
745 -0.00011436682666269686
746 4.3256119441774214e-5
747 -1.978057914777272e-5
748 -2.5769475061928726e-5
749 3.8833415059672984e-5
750 -7.938955210250554e-5
751 5.316992779359494e-5
752 -1.5684480351954713e-5
753 -5.504388162050009e-5
754 1.930952749194923e-5
755 -1.3506736000517563e-5
756 2.1824738000772997e-5
757 5.852656829436835e-5
758 -5.125665697344007e-5
759 4.001485207761233e-5
760 5.367779448074629e-5
761 -5.423531894021702e-5
762 0.00013159025457858288
763 -0.00010537291539618316
764 0.00012719001479845893
765 -4.0917164708049996e-5
766 4.437097642656847e-6
767 2.2804040950840487e-5
768 -0.00010256014397175973
769 9.438658006752097e-5
770 4.5903387667293506e-6
771 2.67265408099289e-5
772 -2.0939752968186517e-5
773 3.846516135460111e-6
774 8.176643340782592e-5
775 -0.00016861993945097928
776 0.00011217835035066499
777 -2.900168054673435e-5
778 -4.415311303159033e-5
779 1.3558529852889611e-5
780 6.970904551887595e-5
781 -6.0145774336193704e-5
782 8.363460542152146e-5
783 -8.856116840045937e-6
784 -1.2694544932601436e-5
785 -1.8543693095620501e-6
786 1.865747880441317e-5
787 -0.0001757828881536773
788 0.00015266195119703873
789 -0.00017758873926996069
790 0.00011873650828234194
791 -7.283503352035413e-5
792 7.184900884991403e-5
793 0.00010271354321249916
794 -0.00010059929678674803
795 0.00010742301872874383
796 -0.00015526707954991034
797 0.00010129404826234103
798 -2.9013279793075707e-5
799 -4.2748359977249104e-5
800 0.00013153306111618975
801 -0.00010740135159608577
802 4.642988271496669e-5
803 -1.4571032171572218e-5
804 1.2587397052811194e-5
805 2.754644068005165e-5
806 -9.30849860675229e-6
807 -7.298366826101082e-5
808 2.264881904799076e-5
809 5.5615760047671984e-5
810 3.689346315747203e-5
811 -8.127633741616113e-5
812 5.593752465985744e-6
813 0.00014334420636120233
814 -1.5676605965749933e-5
815 2.001670662122267e-5
816 1.0001846921521718e-5
817 -6.663991902662489e-5
818 4.501331229615185e-6
819 0.00010779216976320556
820 2.071187549783259e-5
821 9.765067277299125e-7
822 -8.766298308284769e-5
823 9.082040739773561e-6
824 3.930024802364087e-6
825 -5.0157596578858316e-5
826 5.67524361209606e-5
827 9.733585721613482e-5
828 -0.0001297582502817021
829 7.757273355139382e-5
830 -0.00013206848812797128
831 0.00013146090210733297
832 -8.193560511809949e-5
833 8.004209782577907e-6
834 -5.286624087639211e-7
835 -7.77170288394351e-5
836 1.7301926447784742e-5
837 0.0001256253076250614
838 -0.00012505673365431863
839 0.00015149617190505057
840 -0.00013352422336646252
841 0.00016556719879548169
842 -0.00012730144120555963
843 0.00012920578032153484
844 -3.006079322290091e-5
845 8.63478269189798e-5
846 -1.959220202109458e-5
847 0.00012877613797891005
848 -0.00022201885748267375
849 0.0001949776844983798
850 -0.00011231438146740577
851 6.428374069327128e-5
852 -6.721638399685985e-5
853 0.00015769310689141682
854 -0.00021749164729659097
855 0.00028552984866954466
856 -8.06858347289946e-5
857 0.00017035302411421877
858 -0.00020337413188541715
859 0.00023087938044121892
860 -0.00018040974110269538
861 0.00017862874698078475
862 -0.0002605603000829384
863 0.0001696609832514518
864 -0.00013784175471657064
865 0.0002032912963247864
866 -9.824419035262489e-5
867 0.00012979867158937654
868 1.1393045647554116e-5
869 7.585077285440295e-5
870 -4.3920922919125306e-5
871 4.694559982175095e-5
872 -6.240212065021617e-5
873 0.00014349450559046398
874 -0.00019450886648972763
875 0.0002572788313882961
876 -0.0001975319504435246
877 0.0002565974041518688
878 -0.00017062400481379097
879 0.00021695626540733115
880 -8.522327639459067e-5
881 5.2333445163230004e-5
882 -6.148979149389769e-5
883 -1.7983621623135282e-6
884 3.0331848228412034e-5
885 8.035325023042711e-5
886 -4.884403848922609e-5
887 2.236329000856106e-5
888 -5.482784831919764e-5
889 0.00013502844972947855
890 -0.00012379835069017262
891 6.60973305715774e-5
892 3.278429825229068e-5
893 -6.4515554955350845e-6
894 -8.406113798855557e-5
895 0.00017818324516302603
896 -0.00018170975831024005
897 9.688284324191387e-5
898 -0.00011325437375765654
899 0.00011867331633442279
900 -0.00013727086566926047
901 3.697445090558214e-5
902 -0.00010858949243026812
903 0.00015998055319246793
904 -0.00015225863936832313
905 0.00017049947959861463
906 -8.419768509992332e-5
907 5.980440708299892e-5
908 3.2092078485056484e-5
909 -4.671837840668374e-6
910 6.506113398211813e-5
911 -8.218131928112243e-5
912 4.071550145363786e-5
913 -0.00010589692057888449
914 6.713173818631422e-5
915 -5.7870947936809194e-5
916 6.987179346788975e-5
917 -5.684209952541179e-5
918 4.766949416857953e-5
919 -3.6704408481865174e-5
920 2.0696997089098185e-6
921 -0.00015577653693316112
922 0.00012523189252937846
923 -0.00022306363764969744
924 0.00022225060445186072
925 -0.00017019950832569152
926 9.05320991495056e-5
927 -6.270657862338313e-5
928 2.9487632537344166e-5
929 -2.7255987445032586e-6
930 6.639138117897655e-5
931 -4.431675262133177e-5
932 9.228229092966212e-5
933 2.693041509272808e-5
934 -5.728080280521214e-5
935 5.252696338017521e-5
936 4.302635998569849e-5
937 -9.167007810326673e-5
938 7.376097299950068e-5
939 -2.418683345585192e-5
940 -4.542792127305012e-5
941 0.0001752053726192724
942 -5.4519544897365826e-5
943 -3.848344448249601e-5
944 -1.5113812506634718e-5
945 5.005374976861566e-5
946 -4.326701973850927e-5
947 4.6338613313207847e-5
948 2.8646548452001876e-6
949 3.226592747191432e-6
950 9.931472482687393e-6
951 -2.0464179900687086e-5
952 2.7743803328686512e-5
953 -0.00016339392374559568
954 0.00013367730192644813
955 -0.00021386841016311116
956 0.0001931675037524041
957 -0.00016266463339339207
958 0.00013501501296611968
959 -1.4574536273343938e-5
960 9.681165851984076e-6
961 6.220300539551535e-5
962 -4.1934113204328434e-5
963 0.00011803282609397954
964 -8.938236473616398e-5
965 0.00016103226753035418
966 -6.931008175399696e-5
967 6.618124129058642e-5
968 -8.830623719332357e-5
969 9.812209241505722e-5
970 -6.327990727436612e-5
971 0.00023910421660759318
972 -0.0001526514954055794
973 0.00013178887655211332
974 -9.253147647980391e-5
975 6.557700583884968e-5
976 -0.00011581444575874881
977 0.00014294022265418587
978 -7.320598223852688e-5
979 8.439301111074777e-5
980 -2.1107975325542497e-5
981 -1.574059995201314e-5
982 -9.041953153649445e-6
983 9.651750769486618e-5
984 -0.00012037554885589864
985 0.0001879273202799732
986 -0.00018182284194664903
987 0.00032797202603429657
988 -0.00030247706556926437
989 0.00023264589946182313
990 -0.000252306037453263
991 0.0003794147762963233
992 -0.00022357016398698857
993 0.00020678480990634105
994 -0.00019957937248161724
995 0.00013297259067246529
996 -0.00016705132848286394
997 4.8899486136669976e-5
998 -9.367609277686976e-6
999 -4.8952083413438694e-5
1000 6.92758713500385e-5
1001 -0.0001388093151890025
1002 6.848514198963781e-5
1003 -0.00013133871094768876
1004 0.00015393134038148374
1005 -0.00023260492475784395
1006 0.0001310911560415347
1007 -7.051619844783178e-5
1008 4.1160489801731826e-5
1009 -0.00010063784019997019
1010 8.46783934524476e-5
1011 -0.00012181168147979743
1012 6.430775748981693e-5
1013 2.1442685624336662e-5
1014 7.440504369844859e-5
1015 -7.01972458157292e-5
1016 0.00013891085498987643
1017 -3.481172710594372e-5
1018 -6.400701748254465e-6
1019 -0.00010163141590707276
1020 0.00014905053519511838
1021 -9.684300344075477e-5
1022 2.940811653139694e-5
1023 4.664595578333439e-5
1024 -0.0001904832440496385
1025 0.0001988352066155831
1026 -0.0001143321786276626
1027 8.896080420275058e-5
1028 -5.686369740798014e-5
1029 6.930526254097773e-5
1030 -5.0673364581458394e-5
1031 2.9892458383566758e-5
1032 -4.746867126575992e-5
1033 2.4153051027198994e-5
1034 -3.359951703555017e-5
1035 -2.0053523752931805e-5
1036 7.206732524375683e-5
1037 -2.2321310188509643e-6
1038 -1.013586737150346e-5
1039 -0.00013606023798643982
1040 0.00019183713907302356
1041 -0.00015827805910261267
1042 0.00011298452705053387
1043 -9.123622075900163e-5
1044 0.00016211632855593242
1045 -0.00024463583714760096
1046 0.00018220003000102134
1047 -0.000296960408408009
1048 9.269211148871023e-5
1049 -0.00010872346790723413
1050 0.0001254970797674272
1051 -5.6468078150757474e-5
1052 5.8400844350618615e-5
1053 5.1115344167219085e-5
1054 -2.4958707299844833e-5
1055 9.295566825248083e-6
1056 -6.609117043495199e-5
1057 6.019305184895543e-5
1058 4.8439539131270506e-5
1059 -5.6086643229680705e-5
1060 -3.5973501325092106e-5
1061 7.406098471094556e-5
1062 8.921537041643668e-5
1063 -8.166427704956957e-5
1064 0.00019137281746418818
1065 -0.00025936111597312466
1066 0.00026112420064532544
1067 -0.0002758211525964243
1068 0.00015143591457335612
1069 -0.00014516928112330693
1070 0.00014638046829272387
1071 -5.1825590694915506e-5
1072 4.1459939067986394e-5
1073 -6.300185452796814e-5
1074 2.9961319543558558e-5
1075 -1.0598939512668437e-5
1076 6.77022873382448e-5
1077 -1.3802850355384028e-5
1078 3.598403083385539e-5
1079 -6.791368136704453e-5
1080 0.00016624373014717756
1081 -0.00011420887131341155
1082 0.00019046698539132884
1083 -0.00011602999463980143
1084 0.00010908661181492585
1085 -3.502848195250693e-5
1086 1.984945240291164e-5
1087 -0.00011175437647437048
1088 0.00015910538742285922
1089 -0.00015019330485057045
1090 7.757323734286594e-5
1091 -0.0001801567625857434
1092 0.0001592513786530907
1093 -9.210419387177135e-5
1094 0.0001552066628100473
1095 -0.00022510146122552366
1096 0.00018929559509472604
1097 -0.0001133798458075845
1098 0.00018608600206531677
1099 -0.00019782827273152277
1100 0.00031554653267955427
1101 -0.0003063244101580802
1102 0.0002206909480753538
1103 -0.00013510608632093056
1104 -8.264229191887407e-5
1105 0.0001047418565527511
1106 -0.00017869247203932014
1107 0.00010993291923972436
1108 -0.00014531989134536214
1109 8.865237807869233e-5
1110 -0.0001053367326262749
1111 -1.0882542903983486e-5
1112 -7.282571507703488e-5
1113 2.7261625747606028e-6
1114 -6.674003348200208e-5
1115 0.0001581424073996343
1116 -0.00014435098662908443
1117 8.27179021914947e-5
1118 -6.0101777807269777e-5
1119 3.0791669630212935e-7
1120 0.00010156228797921217
1121 -3.3325359321462657e-5
1122 3.9273161412384884e-5
1123 3.473729395837177e-5
1124 -0.00010106359675849225
1125 9.430842772118816e-5
1126 -5.8469519046834876e-5
1127 2.0580990472491472e-5
1128 6.826436974237912e-5
1129 -1.1434940044434919e-5
1130 4.296135411776277e-6
1131 -4.426519461952024e-5
1132 -3.401989504907969e-5
1133 1.3113598391292385e-6
1134 -8.892754943633516e-5
1135 4.3756800662433136e-5
1136 -9.221340336514228e-5
1137 0.00018700634478241074
1138 -0.0001937305080608787
1139 1.0492603745320433e-5
1140 6.892432217274187e-5
1141 -7.197927766395023e-5
1142 0.0001183525221896239
1143 2.096653028860418e-5
1144 8.221900565863322e-6
1145 1.19605514250109e-6
1146 -3.2770558742732454e-5
1147 9.948799402958548e-5
1148 -0.0001215431514093604
1149 8.981023289843854e-5
1150 -0.00018158859579778247
1151 5.023348967114248e-5
1152 -0.0001351370546763905
1153 9.765062271001597e-5
1154 -0.00015964891423994203
1155 7.98408534494505e-5
1156 -9.59077532563666e-5
1157 4.3029236009351504e-5
1158 1.3424123395011501e-5
1159 -4.106718277705118e-5
1160 2.4365906091661728e-5
1161 6.739748829748965e-5
1162 -0.00013721868058774026
1163 0.00017611428435140177
1164 -0.00013512306546382733
1165 0.00014631140408637294
1166 -0.00021741213536816966
1167 0.0001871417168364319
1168 -0.00018245553522017944
1169 0.00020910525759969777
1170 -7.74366947166471e-5
1171 0.00010201017017531523
1172 -0.00014133688827109957
1173 0.00017776205110277737
1174 -0.00011055242093001145
1175 8.785371252412801e-5
1176 -2.793068651302239e-5
1177 0.00012577333003633298
1178 -0.00024142864746698874
1179 0.00024915236464345843
1180 -0.00028010950316004733
1181 0.0001966793353332006
1182 -0.00019519734176772727
1183 0.00021332552406638864
1184 -0.00014357847504693674
1185 -3.104040096165145e-6
1186 -0.00010627203081193189
1187 8.605795115475189e-5
1188 -4.438304081726598e-5
1189 3.28997217245175e-6
1190 5.192580315790197e-5
1191 1.9787056102037846e-5
1192 -9.403056913879206e-5
1193 1.9839839088227666e-5
1194 -8.493064658825914e-6
1195 2.252904556488365e-5
1196 -2.0772538414599618e-5
1197 7.207642522538197e-5
1198 -0.00013898601937978932
1199 -1.1697352612693057e-5
1200 8.506234540659473e-5
1201 -0.0001229238015658021
1202 7.011307560052895e-5
1203 -3.645266890807423e-5
1204 0.00010209272716410145
1205 -7.036666363171998e-5
1206 8.020640548001111e-5
1207 -1.3402697841247602e-5
1208 3.083326144164157e-5
1209 -0.0001952759566315184
1210 0.00019131694559274353
1211 -0.00022815003962985201
1212 0.00023258865396361938
1213 -0.00023981552267981286
1214 0.00016233058193605758
1215 -0.00021148269834126216
1216 0.00019141624447581947
1217 -0.000163413476600121
1218 0.00014324168739851182
1219 -0.00013168368367557962
1220 3.798862900623846e-5
1221 4.4888814202858165e-5
1222 -6.42007078224207e-5
1223 8.307743776787864e-6
1224 -3.584757130380659e-5
1225 -3.9698692598355e-5
1226 6.34420592212552e-5
1227 0.00010701947081332153
1228 -9.541600684053829e-5
1229 7.059811583653899e-5
1230 -3.313761817767621e-5
1231 7.978516964854294e-5
1232 -9.766245562300204e-5
1233 6.295637911715684e-5
1234 -3.875981198720251e-5
1235 5.008698461936632e-6
1236 5.973565131920189e-5
1237 -8.58314873105982e-5
1238 0.0001449203102890831
1239 -5.120771655628066e-5
1240 0.00018273372252833596
1241 -0.00022075257242018358
1242 0.00014349750121399527
1243 -3.9464415059285505e-5
1244 -7.355797855515571e-6
1245 -1.8197559910511244e-5
1246 -2.422801514319148e-5
1247 1.5968286657635383e-5
1248 -0.00015923092359187025
1249 0.00019708828393427151
1250 -0.0002506303950777881
1251 0.00019598800989567076
1252 -0.000142561362227556
1253 0.0001053643383138263
1254 -7.683264384441506e-5
1255 8.635792075324791e-6
1256 -2.5064528654329896e-5
1257 2.2361500323929573e-5
1258 -5.910953682545824e-6
1259 4.288106818264472e-5
1260 -2.5965513541986296e-5
1261 -0.0001179782186488192
1262 5.711118571919275e-5
1263 -8.658413960555212e-5
1264 -4.406421608768606e-6
1265 -6.015087896280177e-5
1266 -1.7895311245416786e-5
1267 4.277238235550446e-5
1268 -9.252068554643927e-5
1269 5.6244013192115476e-5
1270 -7.372414342008154e-5
1271 5.162913767512329e-5
1272 -2.1495572772171882e-5
1273 3.844177533088385e-6
1274 5.956338607477268e-6
1275 -6.946576991954342e-5
1276 -7.216629231205087e-6
1277 2.395613724262944e-6
1278 -0.00013210176325753655
1279 9.72832179167194e-5
1280 -0.00011559804899321511
1281 -2.9613758955580636e-5
1282 -1.6107582250564203e-5
1283 5.1872800191770105e-5
1284 2.8763635542858734e-6
1285 2.0353685794835687e-5
1286 -5.778576562369238e-5
1287 5.797306394100815e-5
1288 -2.1391246034478644e-5
1289 -6.699997644735369e-5
1290 3.067085284704621e-5
1291 4.4342018437423094e-5
1292 4.4534853640261835e-5
1293 -4.201854955863405e-5
1294 0.000149627039001658
1295 -3.6028314045179105e-5
1296 8.477173563661389e-5
1297 0.00010060100198943621
1298 -0.00014889535989838262
1299 0.00020702921665494855
1300 -0.0001330650511735668
1301 0.00021010465680233286
1302 -7.744143913903452e-5
1303 6.245799086414966e-5
1304 1.979184544218686e-5
1305 -6.385800198927478e-5
1306 2.9242875533562753e-5
1307 -7.613040467927055e-5
1308 7.970354792005185e-5
1309 -4.815304622352078e-5
1310 2.2452703022554127e-5
1311 -7.754587214455025e-5
1312 4.814248635616627e-5
1313 -0.00010137413950600172
1314 9.636322746120177e-5
1315 -2.949968393632787e-5
1316 2.2976703033292828e-5
1317 5.124935290379966e-6
1318 -5.111697880409442e-5
1319 -1.5299352071442808e-5
1320 -1.2062725036572166e-5
1321 7.537033842091016e-5
1322 -6.210185621028709e-5
1323 1.2329247887356303e-6
1324 1.4270785359005827e-5
1325 3.702530781752052e-5
1326 -0.00013836514170318737
1327 7.154152408997408e-5
1328 3.4459552699592565e-5
1329 4.36945145372027e-5
1330 -8.71327217236522e-5
1331 8.081695717790664e-5
1332 -2.875958321625548e-5
1333 1.3134655528996026e-5
1334 4.3062567320571585e-5
1335 5.32192391247782e-5
1336 -6.0724431282976885e-5
1337 -1.2251093566845375e-5
1338 0.00011557176110015822
1339 -0.00010695307783257895
1340 7.039517303509746e-5
1341 -3.273646388604683e-5
1342 4.427931475555386e-5
1343 -4.8524709893096e-5
1344 6.751462409179821e-5
1345 -6.976034545657347e-5
1346 8.321865668499286e-5
1347 -0.00010436743818301435
1348 0.00010886642940764258
1349 -0.00014821754429078453
1350 0.00019203247332402537
1351 -8.331363922065616e-5
1352 0.00016692716919794288
1353 -1.7119521095484478e-5
1354 -2.0449282162705342e-6
1355 4.207630527077519e-5
1356 2.4488602312945308e-5
1357 6.129249542830042e-5
1358 -0.0001375985050701326
1359 0.00011334938491204377
1360 -0.0002025294409012926
1361 0.0001656012333232096
1362 -0.00016408340162389214
1363 0.00020359325912819653
1364 -0.0001487139755271752
1365 0.00019397947272769482
1366 -4.2775925711144387e-5
1367 -2.4508487018440404e-5
1368 2.1681042846514905e-5
1369 -7.062880626705907e-5
1370 8.512847220064374e-5
1371 -0.00013853127448076294
1372 0.00014821642634929246
1373 -9.540241423319533e-6
1374 5.635910627875846e-5
1375 5.077911769866417e-5
1376 -0.0001520162850980739
1377 0.00015402569137325546
1378 -0.0001713346154759889
1379 0.00011299009162479448
1380 -1.382793085026562e-5
1381 9.674477522913598e-5
1382 1.4011033644263487e-5
1383 0.00010921157636938506
1384 7.40918063174515e-5
1385 2.9838984274294394e-5
1386 -1.0156955324047648e-5
1387 -3.7977495567055825e-6
1388 8.81446228073365e-5
1389 3.444168977099296e-5
1390 -6.9024708697376315e-6
1391 7.830228261242052e-5
1392 -0.00012668610178553712
1393 0.00010083792458379301
1394 -5.492581046223828e-5
1395 -2.3797103598025225e-5
1396 2.602523565012158e-6
1397 9.5821136618113e-6
1398 6.812837142354166e-5
1399 -2.735554962653892e-5
1400 -6.3825768829143215e-6
1401 2.4567441424372702e-5
1402 -5.06710906932926e-5
1403 4.1100128681310476e-5
1404 -5.503323402069814e-5
1405 7.932135820402312e-5
1406 -0.00011725240040185462
1407 4.863772463973563e-5
1408 -7.769470831437846e-5
1409 6.571554819191861e-5
1410 1.3620078626293188e-5
1411 -7.216252973640996e-5
1412 6.471302671581409e-5
1413 -4.798320907170256e-5
1414 0.0001117421359579829
1415 -3.7813128198830366e-6
1416 -7.581407763680833e-5
1417 -1.4400322792824872e-5
1418 1.25897163067231e-5
1419 -5.620059367860028e-5
1420 9.54173207030974e-5
1421 -0.0001215497515261875
1422 0.00014046620079924567
1423 -0.0001715231085365255
1424 0.0001281621488611185
1425 -1.8112793427292046e-5
1426 1.5364903852797587e-5
1427 3.0484064933085467e-5
1428 -0.00016801539106009399
1429 0.00017988868379290826
1430 -9.379286590186941e-5
1431 6.92483682229715e-5
1432 -5.7207909818956166e-5
1433 0.00014975311782326143
1434 -0.0001400455802723555
1435 3.520277174204358e-5
1436 -7.2478046843598e-5
1437 7.852934951098288e-5
1438 -3.734607420391942e-5
1439 3.771940490203955e-5
1440 -8.556554153659952e-5
1441 0.00016049828236543523
1442 -0.00013248809785196708
1443 0.0001533502753042907
1444 -0.00014546653004667825
1445 0.00017657164762799606
1446 -0.0002008329773289904
1447 9.635831829723952e-5
1448 -8.672941796438108e-5
1449 9.72583514485144e-5
1450 5.408067926936205e-5
1451 -1.4720991211333815e-5
1452 -6.265759403647894e-5
1453 0.00010150849702750508
1454 -3.676015416476798e-5
1455 -2.091239371837571e-5
1456 4.8043826096964124e-5
1457 -8.213135317083638e-5
1458 9.48536022227206e-5
1459 -4.169106181555541e-5
1460 1.4403545846121194e-5
1461 -3.293381079183026e-5
1462 8.269735339174422e-5
1463 -4.2035454028477975e-5
1464 1.085532232596745e-5
1465 -5.218503943964628e-5
1466 -2.8103072805101457e-5
1467 1.186521156401028e-6
1468 -9.252537671290796e-5
1469 0.00010945517158116746
1470 -0.00016094527617718863
1471 8.269346246273703e-5
1472 -0.00017435363613403987
1473 0.00015160575270094855
1474 -0.0001277211002776923
1475 0.00015362200722583575
1476 -2.074205801430666e-5
1477 1.7967557153513904e-6
1478 -4.834840768792295e-6
1479 -3.6172271663184094e-5
1480 9.194368762520238e-5
1481 -5.421906069578319e-5
1482 9.973781136013333e-7
1483 0.00010723140625517993
1484 1.5019108335222597e-6
1485 -9.837980979234355e-6
1486 -4.271370143756664e-5
1487 -0.00010962023517701341
1488 0.00023516734909866197
1489 -0.0002631151932726295
1490 0.0002535217139944971
1491 -0.0003015852880551903
1492 0.0003953690332677376
1493 -0.00031785106968542287
1494 0.00012486791533196243
1495 -1.8656414436976333e-5
1496 -7.915153521552954e-5
1497 4.641873633901099e-7
1498 -6.089636503434785e-6
1499 -1.2708640931437363e-5
1500 -0.00010424081004084356
1501 4.46963519210458e-5
1502 -9.611937359042599e-5
1503 6.391552356370103e-5
1504 -2.246748426004671e-5
1505 -3.8676822370521656e-5
1506 1.4655497226637342e-5
1507 -3.5780378172166494e-5
1508 -3.4022575914120843e-5
1509 1.6360242902631134e-5
1510 3.346635719586911e-5
1511 -8.396958095376027e-5
1512 0.00012494831161646679
1513 5.2322064785065894e-5
1514 -0.00011572488685108147
1515 -1.0199343426532375e-5
1516 0.00011354219918737427
1517 -4.3468207140309054e-5
1518 0.00011057665370909629
1519 -8.868040360757213e-5
1520 9.092543853329155e-5
1521 -0.0002444861546208743
1522 0.0001477541595964063
1523 -0.00013701265983744095
1524 0.0001093342714148562
1525 -0.0002070868956952363
1526 0.00022021063069215676
1527 -0.0001847256549240323
1528 0.00024302700902910693
1529 -0.00031141947197985554
1530 0.00027390350678188695
1531 -0.00022707170252190477
1532 0.0001998287871149937
1533 -0.00017561989302416272
1534 0.0001206029934040542
1535 8.602039305620887e-6
1536 2.412876244456328e-5
1537 -9.054071486653017e-5
1538 4.130274839145746e-5
1539 -5.209590561171054e-5
1540 -0.00010871675487887601
1541 0.00015162478131512547
1542 -7.332315562090618e-5
1543 0.00012475969948469155
1544 -3.247870536799769e-5
1545 0.00010174848675047584
1546 -5.672866857215833e-5
1547 6.410274217820311e-5
1548 -8.626596277292147e-5
1549 0.0001430521707884641
1550 -4.840862520970888e-5
1551 0.0001231889450231045
1552 -0.0001231170072101385
1553 1.8781904987722753e-5
1554 -7.39402289988928e-5
1555 8.234928126599463e-5
1556 2.512787888189635e-5
1557 5.043149739476216e-6
1558 0.0001078153123192732
1559 -6.997208829338922e-5
1560 0.00010200696884665998
1561 -0.00011000287429776184
1562 4.071016409544783e-5
1563 -3.141466920602285e-5
1564 5.0479346517235454e-5
1565 -0.000209995232468298
1566 0.00021576631442876153
1567 -0.0002001807210805187
1568 0.00027742816589186695
1569 -0.00024994966214843007
1570 0.0003342650379936443
1571 -0.00034921966792940276
1572 0.00028123005291095463
1573 -0.00017737721282833134
1574 0.00015058531187682906
1575 -0.00019804058796860503
1576 0.00021085443550435774
1577 -0.0002307090975845974
1578 0.00010788036997025211
1579 -0.00012633372776838902
1580 0.0001354216877721478
1581 -4.423899436707499e-5
1582 5.7676835855250704e-5
1583 -4.537495851420757e-5
1584 -5.595811804960457e-6
1585 -9.584924734910036e-5
1586 1.7770605039729142e-6
1587 4.577134121225176e-6
1588 0.00014004162254932831
1589 -0.00012187184227230375
1590 0.00014761494713226705
1591 -0.0001723507942657762
1592 0.00019455092842657923
1593 -0.00014413286563311458
1594 0.00014704518654261125
1595 -0.00016596922730084627
1596 6.88556911510874e-5
1597 -4.9170994474468844e-5
1598 -8.73923596353001e-5
1599 6.541215133346353e-5
1600 -9.362741698332026e-5
1601 0.0001119590152173542
1602 -9.705839317960966e-5
1603 7.387840530554787e-5
1604 -1.8459463044411517e-5
1605 0.00016732962532121736
1606 -9.949640173546707e-5
1607 0.00010287353524088422
1608 -4.4352641032504454e-5
1609 1.5837118962362125e-5
1610 3.87726261916102e-5
1611 -9.998953023429036e-5
1612 4.437287006171347e-5
1613 0.00011577054581876708
1614 -0.00023384824075660033
1615 0.00018022158819717382
1616 -0.00017904104890164706
1617 9.257346747074878e-5
1618 -0.00017518331905662038
1619 4.5561996690993945e-5
1620 -0.0001175821986398228
1621 5.2764871196068884e-5
1622 -7.796356056612568e-5
1623 -2.180153495407846e-6
1624 4.859127912603222e-5
1625 -8.729855218533206e-5
1626 7.625458468181687e-5
1627 -5.600928870645113e-5
1628 -4.148300251687534e-5
1629 5.165375438395629e-5
1630 -3.541654274396287e-5
1631 3.7272135111867405e-5
1632 -6.393228066444989e-5
1633 3.3210366538351566e-5
1634 -4.1770959515299905e-5
1635 -0.00010251404288238249
1636 8.926680468661572e-6
1637 2.716690399590794e-5
1638 3.0381690351620002e-5
1639 -9.043998030404983e-5
1640 6.607509558806218e-5
1641 2.9055395756958965e-5
1642 6.163291137791163e-6
1643 -7.995000041249845e-5
1644 8.691066979044482e-5
1645 2.7050340028066462e-6
1646 5.064016061319891e-5
1647 -0.0001165626449873101
1648 0.00015410750758330263
1649 -0.00010872833174944585
1650 -7.117031656083306e-5
1651 5.5274042683607794e-5
1652 -4.004450517418879e-5
1653 0.00018474111784313012
1654 -0.0002331501885582117
1655 0.00017378983293998918
1656 -0.0002525803992113901
1657 0.00016898288700753231
1658 -0.00012438276450354383
1659 0.00015771448057000427
1660 -0.0002366866911048444
1661 0.00013009140659074497
1662 -4.094974667976567e-5
1663 1.0532849512119887e-5
1664 -6.573405142726883e-5
1665 0.00015015552601327283
1666 -0.00016266490584608743
1667 0.000168834448386653
1668 -0.00023675665173880983
1669 0.0002073397021046679
1670 -0.00028651575993327407
1671 0.00017671260033983246
1672 -0.00016883241303719898
1673 4.359077044413721e-5
1674 -1.5975470096784798e-5
1675 1.2103357273650962e-6
1676 1.0337842551989108e-5
1677 -1.1476653204038029e-5
1678 3.721719857108812e-5
1679 -2.8222696872811496e-5
1680 4.2867798045901316e-5
1681 -0.00012419748899628497
1682 0.00013292737659654957
1683 -0.00015951099925457115
1684 4.6808063469574794e-5
1685 3.448327948349962e-5
1686 -0.0001378683574977566
1687 2.0280012261892608e-5
1688 -2.9947378933636723e-5
1689 8.26269536034939e-5
1690 -0.0002395298523045989
1691 0.00018535891028168415
1692 -6.193221915644987e-5
1693 -2.1680034224927455e-6
1694 -7.86918267659767e-5
1695 6.051277476811514e-5
1696 1.4909592900788388e-6
1697 4.0620135649307375e-6
1698 0.00012904105076867031
1699 -0.00022299165702154982
1700 0.0002046820836748831
1701 -0.0001865449497210725
1702 0.00021661432275869364
1703 -0.0001676132430509282
1704 0.00016884045453326605
1705 -0.000100905695818391
1706 0.00019388181585016932
1707 -0.00020168362294590225
1708 0.0002518043271736997
1709 -9.674477121713977e-5
1710 0.00011474076669687645
1711 3.446399859920651e-6
1712 8.579527632265875e-5
1713 6.849345256955152e-5
1714 -0.00011311278594328037
1715 0.00015672580484263446
1716 -0.0001169903257816966
1717 5.8962178995545154e-5
1718 -2.41984046098518e-6
1719 -1.6154488928810204e-5
1720 0.00015024778855257426
1721 -0.00012887954463779288
1722 9.43890647000503e-5
1723 -0.00010718466443022928
1724 6.023709778634459e-5
1725 -1.3085188509144046e-5
1726 1.9576213917888063e-5
1727 7.209688298628551e-5
1728 -9.7525793860689e-5
1729 -3.605873756495498e-6
1730 -3.8170449633104026e-5
1731 -7.274802386543305e-6
1732 0.0001995282316269385
1733 -0.00017655265811826433
1734 0.00015548065398482465
1735 -0.00014535687413459868
1736 0.00020333153853768166
1737 -0.0002447532340997822
1738 0.00013052239393907572
1739 -0.0002348319025706171
1740 4.014208266714506e-5
1741 -0.00013248696361224825
1742 7.383878706623693e-5
1743 -3.855779457784199e-6
1744 1.0615210961159372e-5
1745 -5.202155604800019e-5
1746 1.167656404214976e-5
1747 -2.540474208624102e-5
1748 2.4503464379619307e-6
1749 -7.942564869580078e-5
1750 8.557706637427054e-5
1751 -0.0001794214460647098
1752 0.00014569499700506851
1753 -0.00011310034463345281
1754 9.672964261801517e-5
1755 -3.701928486431716e-5
1756 -6.775100591710655e-5
1757 3.500716750350365e-5
1758 -0.00018389346285043655
1759 0.00010815076895632404
1760 -0.00014451294188147344
1761 -9.710729964910399e-6
1762 -6.130117821635536e-5
1763 3.3387884638687754e-5
1764 -0.00011845649760420844
1765 6.705361932650902e-5
1766 -4.0381925796048884e-5
1767 0.00015082219518661982
1768 -0.00025673335053790836
1769 0.00026742767642962703
1770 -0.00017442522363498244
1771 0.00011725912658440024
1772 -6.275080718439159e-5
1773 3.839199538637435e-5
1774 3.960182597899022e-5
1775 -8.35150228919404e-6
1776 4.10872778211556e-5
1777 -3.0505034076454837e-5
1778 1.4996805628562905e-5
1779 2.6253691943986332e-5
1780 -2.5365822400828534e-5
1781 4.6724108241692555e-5
1782 -8.384389192367498e-5
1783 3.374587585768905e-5
1784 5.359273869582741e-5
1785 -0.0001297826749246622
1786 0.00011281368770711652
1787 -5.1625474038536405e-5
1788 3.6813941863118424e-5
1789 1.6403342896147347e-5
1790 -5.129323563600112e-5
1791 0.0001002722927504797
1792 -7.759309897549902e-6
1793 -5.985554391114566e-5
1794 -1.8553565349553983e-5
1795 -6.626153808842571e-5
1796 7.99953441963828e-6
1797 -4.9570800129436815e-5
1798 0.0001921372849649621
1799 -0.00016349059277680135
1800 0.0001433177425778208
1801 -0.00010675067001601379
1802 2.506447566555154e-5
1803 -7.647635906450139e-6
1804 4.342273307825557e-5
1805 -4.536503509987894e-5
1806 2.8878438187278448e-5
1807 -7.817030727863219e-5
1808 0.000110016295991203
1809 -1.77686879364281e-6
1810 2.6607296323523788e-5
1811 -1.666215227315384e-5
1812 -4.3756147376624785e-5
1813 3.2771087049488476e-5
1814 -1.2177070260461515e-5
1815 1.682810082357878e-5
1816 -2.6181280728452236e-5
1817 -8.80609344976139e-5
1818 0.00014470799058867188
1819 -7.410138394254761e-5
1820 9.293901802076772e-5
1821 -0.00018300763798381498
1822 0.00012020860209701108
1823 -0.00014166610973793497
1824 0.00020088811579206694
1825 -0.00026314609998303137
1826 0.00018222993274388344
1827 -0.0001866475221168989
1828 0.00016493125555194793
1829 -0.00014640375365906845
1830 0.00010576467068017523
1831 -9.20933054325189e-5
1832 5.6314487173146533e-5
1833 -4.639914346587409e-5
1834 4.658773494497539e-5
1835 8.053028319750783e-5
1836 -0.00011035362010025435
1837 0.00013859533850826386
1838 -0.00017299427553083355
1839 0.00015385114359723988
1840 -0.00016330353390582166
1841 0.0001555088826538277
1842 -0.00017177238753666066
1843 7.595856816795499e-5
1844 -6.222179286860362e-5
1845 3.214775635502989e-5
1846 -8.413024913685619e-5
1847 7.593139943697987e-5
1848 -7.585816276874304e-5
1849 8.414899691934858e-5
1850 1.4243646488853566e-5
1851 -0.00010039293594478044
1852 4.461334142333635e-5
1853 -0.0001631323461997891
1854 0.000147741795528466
1855 -0.00016790220307733963
1856 7.483570391304135e-5
1857 -8.616044700807041e-5
1858 2.9024647736530633e-5
1859 1.9472944785680672e-5
1860 -9.210587446233547e-6
1861 -1.252063394518522e-5
1862 3.4280009519421164e-5
1863 4.885451192955755e-5
1864 -2.33085334515708e-5
1865 -4.76791603981716e-5
1866 -6.074464840744016e-5
1867 2.5778877589274372e-5
1868 8.070709236419721e-6
1869 -4.916929098295027e-5
1870 0.00014273207752981784
1871 -0.00014098137299671585
1872 6.769989296882734e-5
1873 -0.0001315541710466602
1874 9.274219678113768e-5
1875 -0.00019813893117058874
1876 0.00019735047165867967
1877 -0.0001736172793195843
1878 0.0001652008899145764
1879 -6.712673943694677e-5
1880 6.452669522716718e-6
1881 -0.00016579676916843064
1882 0.000138103804770674
1883 -0.00017466452297415773
1884 0.00014105047254342614
1885 -2.878679119781854e-5
1886 5.295995462728231e-5
1887 3.625219809039899e-5
1888 -0.00014079275271288032
1889 8.778505710023978e-5
1890 -2.6679793129862442e-5
1891 8.058426873343278e-5
1892 -9.439989293629666e-5
1893 5.270971817093663e-5
1894 -1.9066948291859273e-5
1895 0.00010013875563698889
1896 -0.00015833632475716335
1897 0.0001250157819919207
1898 -4.515067011128572e-5
1899 -3.619066423951781e-5
1900 -4.649826189440724e-5
1901 0.00012149885426731763
1902 -0.00013963773063182516
1903 6.142053527180274e-5
1904 4.488573348749535e-6
1905 -1.8744145317651266e-5
1906 4.03687860488904e-5
1907 -0.00010468417262768866
1908 -7.187902602889277e-5
1909 -9.31210439068253e-6
1910 -6.595091821101455e-5
1911 -1.41701107672361e-5
1912 8.657996987719316e-6
1913 -2.4045695700486685e-5
1914 -7.34064642599453e-5
1915 -4.467859511654493e-5
1916 6.13122853342152e-5
1917 -9.208148197687465e-5
1918 0.000161334868203006
1919 -0.0001661882034098159
1920 0.00010125556995176895
1921 -0.00022425584635396854
1922 0.00014526030626576438
1923 -0.00010750888740323935
1924 2.7659552290184042e-5
1925 -8.429541414389021e-5
1926 7.560789325735945e-5
1927 -0.00014190631050040926
1928 9.596516195464497e-5
1929 -0.00014540616974538452
1930 0.00020344173269854377
1931 -0.00026079844105056783
1932 0.00018182813489100855
1933 -7.1757838939152e-5
1934 -0.000115101210622608
1935 1.3457892494943616e-5
1936 -3.066012075305187e-5
1937 -4.602461888550854e-6
1938 7.070185800398264e-5
1939 -2.8182376978837055e-5
1940 6.93295384523758e-5
1941 -1.078515885791859e-5
1942 -3.1681039184836095e-6
1943 -1.005727147253226e-5
1944 3.173058864422875e-5
1945 -8.264783671843789e-5
1946 -4.346218171632171e-5
1947 0.0001120301755483301
1948 -0.00011660058447420287
1949 -6.83795535007934e-5
1950 -5.414472305996872e-6
1951 1.661623872133089e-5
1952 2.4506837586577382e-5
1953 -8.91600936771871e-5
1954 0.0001423812968466523
1955 -0.00013368431499410474
1956 5.402417703570275e-5
1957 -2.0971926452994466e-5
1958 -0.00015083773318429628
1959 0.00010923514296003813
1960 -1.0185046176198976e-5
1961 -7.078790141321145e-5
1962 0.0001238792981779198
1963 -0.00016227814055084727
1964 0.0002625201723967499
1965 -0.00019055544866103716
1966 0.0001090739852124951
1967 6.60345563277968e-6
1968 -4.661858123641195e-5
1969 3.324791996247579e-5
1970 -4.067339175045064e-5
1971 3.383751691857708e-5
1972 -0.0001292727437669642
1973 0.00028338339147292245
1974 -0.00025896870824032933
1975 7.130669894997236e-5
1976 -5.041824033263416e-5
1977 0.0001488042120608446
1978 -4.700827271939384e-5
1979 5.827939742613411e-5
1980 -0.00020185795952205193
1981 0.00015091704370176126
1982 -0.00022220056961654545
1983 0.00016759667864936007
1984 -0.0001427554755715525
1985 0.00010927940332400169
1986 -0.00014180344940960697
1987 0.00016266850489064943
1988 -0.0001252798341175847
1989 5.8077738768043003e-5
1990 -0.00011782388468591663
1991 9.662841661234393e-5
1992 -9.327219335172776e-5
1993 -1.2901366652866709e-5
1994 7.958030668939079e-6
1995 -6.61951821136668e-5
1996 0.0001230801415944398
1997 -5.1316070854912196e-5
1998 0.00011306281000050095
1999 -0.00015328061405056728
2000 0.00011958411719030978
2001 -0.0001596024997996976
