1 1.0
2 0.9947289919621878
3 0.9904770820328904
4 0.986875760311724
5 0.9837810594345342
6 0.9813227728238108
7 0.9793972290653544
8 0.9777097105525988
9 0.9761997096413749
10 0.9748891596299912
11 0.973853957065179
12 0.9729805871670882
13 0.9723203472796851
14 0.9715686381869212
15 0.9709133624149922
16 0.970357607933448
17 0.9697565705990456
18 0.969393348043146
19 0.9691030623137068
20 0.9687695891732164
21 0.9684571366844738
22 0.9680927340877334
23 0.9678104117579355
24 0.9676681182625799
25 0.9673996273567022
26 0.9672416254374022
27 0.9669408299595381
28 0.9668301066168798
29 0.9666077995568896
30 0.9663318540242951
31 0.9661647465743376
32 0.9659755817828495
33 0.9658799643834975
34 0.9658726807970488
35 0.9658576769387182
36 0.9657470395527997
37 0.9655601057118934
38 0.9654886140198047
39 0.9654260128533483
40 0.9653833424024502
41 0.9651645649829873
42 0.9650239172633124
43 0.9648619126769882
44 0.9647159470303667
45 0.9646921657250878
46 0.9644702647243066
47 0.9644247900877709
48 0.9644148483583671
49 0.9643365900033877
50 0.9643814194222633
51 0.9643176579715181
52 0.964171858008201
53 0.964166194333377
54 0.9639851094455042
55 0.9639629575758575
56 0.9640487809237924
57 0.9641191354985673
58 0.9640367750503264
59 0.9639438046715167
60 0.9637946085257691
61 0.9637490979943528
62 0.9636508475876333
63 0.9636304100554018
64 0.9636221108348799
65 0.9637496027907367
66 0.9636842337933239
67 0.9634915461317942
68 0.9632869653029966
69 0.9632887754508697
70 0.963199783534298
71 0.9630705989804448
72 0.9630283509936581
73 0.9630864169045382
74 0.9629483080414342
75 0.9628542656906266
76 0.9627842519355374
77 0.9628144717693626
78 0.9628460613388659
79 0.9626238611939257
80 0.9626110024005269
81 0.9626073860830928
82 0.962635668134392
83 0.9624340472599243
84 0.9625106406251881
85 0.9624941783142922
86 0.9624748978565079
87 0.962487801359585
88 0.9624617706043396
89 0.9625545210693516
90 0.9624060421567181
91 0.9622942539197447
92 0.9623040507834842
93 0.9622562880639699
94 0.9621947251050615
95 0.9621216416317726
96 0.9622124065710578
97 0.9621695493981388
98 0.9620814915983293
99 0.9619513229267178
100 0.9619610663461564
101 0.9618096928778106
102 0.9617837961358949
103 0.9618011550581052
104 0.9617539523093409
105 0.9617496913956626
106 0.9617023258039588
107 0.9616529804026839
108 0.9616026691854906
109 0.9616246355575466
110 0.9616136663313042
111 0.9613709571358056
112 0.9612584054717209
113 0.9612342062543289
114 0.9611514541185698
115 0.9609249331287238
116 0.9609326869872423
117 0.9607904009877356
118 0.9607986266672217
119 0.9606616813744886
120 0.9607584197039629
121 0.9608181560783828
122 0.9609786274340703
123 0.9610438931975144
124 0.9610368541766589
125 0.9609636179567415
126 0.9608799957043648
127 0.9609172707321164
128 0.9609109036683614
129 0.9608149989985418
130 0.9607499791170352
131 0.9608128497234277
132 0.9606948937590044
133 0.9608569244492481
134 0.9608684036478118
135 0.9608922859709145
136 0.9608365863614623
137 0.9607717676407347
138 0.9607448250095896
139 0.9607964986070118
140 0.96080522877629
141 0.9605769852206546
142 0.9606411831189028
143 0.9607796461934026
144 0.9607325531930601
145 0.9606689318831063
146 0.9607157444598508
147 0.960700637097558
148 0.9607049796871413
149 0.960726005398592
150 0.9606842665940314
151 0.9606054911664845
152 0.9604637383374991
153 0.9605043921001637
154 0.9605960918266038
155 0.9605781210878291
156 0.9605350792057359
157 0.9605881428113445
158 0.9605231532992592
159 0.9604529464282334
160 0.9603787328194301
161 0.9604290469567421
162 0.9604112153901806
163 0.9603495540988837
164 0.9602602132715049
165 0.9603033244965941
166 0.9602965004430096
167 0.9601819032995217
168 0.9599982130282539
169 0.960001492110816
170 0.9600279016243828
171 0.9601733819847689
172 0.9600474095560244
173 0.9599604234553721
174 0.9600863799651284
175 0.9601171120882964
176 0.9601173354002088
177 0.96010722178334
178 0.9600558480907495
179 0.9599225970344674
180 0.9598523070510903
181 0.9598631562277015
182 0.9598115804220564
183 0.9598228623582213
184 0.9597544700855483
185 0.9597747221117386
186 0.9597893347090619
187 0.9597275199640933
188 0.9598110829282346
189 0.9597870543683469
190 0.9596737145952515
191 0.9596284022959849
192 0.9596178780458302
193 0.9597503877006245
194 0.9596652291385801
195 0.9596157956709386
196 0.9595806821897356
197 0.9595452784717639
198 0.9595086865399981
199 0.9593480034211942
200 0.9594436736290436
201 0.9593746539769865
202 0.959289999134519
203 0.9591760313973445
204 0.9590863748583296
205 0.9590540546234491
206 0.9590756088969509
207 0.9591691633828102
208 0.9591420470753204
209 0.9592315103497856
210 0.9592451359033717
211 0.9592314597669837
212 0.959302241534369
213 0.9594019037565451
214 0.9592978202411022
215 0.9592121863111136
216 0.9590680131332853
217 0.9589930845321698
218 0.9590505141348394
219 0.9591146517817732
220 0.9591503823678037
221 0.9591149557171486
222 0.9589675227406972
223 0.9590374962416681
224 0.9590687249307975
225 0.9590308100270284
226 0.958975445492547
227 0.9590189572166092
228 0.9590787763706438
229 0.959198814843446
230 0.9591172721982827
231 0.9590233204442931
232 0.9588131229042128
233 0.958768693471138
234 0.9588379087091551
235 0.9586310645838305
236 0.9587038328719062
237 0.9586328873871461
238 0.95851576282012
239 0.9585304840105912
240 0.9585120231543689
241 0.958448909117975
242 0.9585252654830074
243 0.9584891459217012
244 0.9582983121037354
245 0.9581565580929123
246 0.9582814091386764
247 0.9583025780367237
248 0.9582613834223784
249 0.9581850518717268
250 0.9582932758790352
251 0.9582779988242844
252 0.9583730712858904
253 0.9584000013390351
254 0.9583372380084485
255 0.9582496048488064
256 0.9581939643337594
257 0.9581233813498163
258 0.9581551899073548
259 0.9580129422625747
260 0.9580575176104661
261 0.9581055726022691
262 0.958078886890929
263 0.9580740977795394
264 0.9580026692659824
265 0.9579599176160886
266 0.9579117695437621
267 0.95807430919204
268 0.958078933248413
269 0.958061727252372
270 0.9580917188257083
271 0.9582727421427928
272 0.9584668279155637
273 0.9584281719232736
274 0.9584319666685475
275 0.9584548220583036
276 0.9584701939740914
277 0.9582749027146215
278 0.9580653266828824
279 0.9578479104330602
280 0.9578551133356283
281 0.9577244027352357
282 0.9576963125275426
283 0.9576673359902065
284 0.9577768027472139
285 0.9578166850145207
286 0.957799181154485
287 0.9577104951218048
288 0.9577685020926022
289 0.9576850427323353
290 0.9576304054048544
291 0.9577207601609031
292 0.9577248059201808
293 0.9578990297666845
294 0.9580061917237114
295 0.957904137768936
296 0.9579248255452314
297 0.957777534018469
298 0.9578681846428588
299 0.9579762804827737
300 0.9580859660403259
301 0.9580858452995373
302 0.9580775384477477
303 0.9579546918850066
304 0.9579177646881615
305 0.9577849394820314
306 0.9578652830302774
307 0.9579664468179836
308 0.9579526459227153
309 0.9578915090052021
310 0.9580252157317385
311 0.9580197248573499
312 0.9580533801717713
313 0.9581087393642697
314 0.9582042862825956
315 0.9580941816101058
316 0.9580177417949383
317 0.9579537799875535
318 0.9579180473044104
319 0.9581098304161836
320 0.9581483773172342
321 0.9581293291510359
322 0.9580533810001376
323 0.9580349909457602
324 0.9580171455378563
325 0.9580260816039552
326 0.9579446518583365
327 0.957869791160894
328 0.9577576942460496
329 0.9575436745400425
330 0.9575552891810803
331 0.9575533919989083
332 0.9575652080806287
333 0.9575265503428236
334 0.9575090658387339
335 0.9573937908587391
336 0.9573692055105373
337 0.9575221459944254
338 0.9576047612045625
339 0.9574450052309178
340 0.9574771807982329
341 0.9574093563000677
342 0.9574478835666974
343 0.9573563531669942
344 0.9573608320492034
345 0.9573885671522219
346 0.9574422948783164
347 0.9575102589336462
348 0.9575981086030843
349 0.957681000234991
350 0.9578303551794831
351 0.9577791987861028
352 0.9577004092060526
353 0.9575967054400895
354 0.9575782093310314
355 0.9576191056513249
356 0.9576892694912799
357 0.9577497778846448
358 0.9579171492774146
359 0.9578286978085314
360 0.9577247301323613
361 0.9578370301638239
362 0.9577809041704135
363 0.9578582074858257
364 0.9577744550437679
365 0.9577898807456355
366 0.9579533152448634
367 0.9578258324727813
368 0.9576653601180667
369 0.9573950846263316
370 0.9572829517030725
371 0.957347914005412
372 0.9571732936940843
373 0.9572446515260835
374 0.9572720778886662
375 0.9572375205963687
376 0.95717440770078
377 0.9570294240557979
378 0.9568869724359891
379 0.9568008582627241
380 0.9569410984068558
381 0.9567689527056998
382 0.9566431374624796
383 0.9566257849537979
384 0.9564881168343189
385 0.9564734509709921
386 0.9564456721246755
387 0.9562498924951496
388 0.956375772874859
389 0.9564550796783009
390 0.9564879921065401
391 0.9562711570740658
392 0.956185213939012
393 0.9564130217935819
394 0.9565155303288503
395 0.9564160409787511
396 0.9564862995222974
397 0.9563557479526826
398 0.9565181318865522
399 0.9564727171866984
400 0.9565016375140101
401 0.9563657398945871
402 0.9563109702597797
403 0.9564370575606893
404 0.9564837503678968
405 0.9564957235867964
406 0.9564479081112601
407 0.9562557661639922
408 0.9562721987413938
409 0.9563386726117609
410 0.956307914738995
411 0.9564312447846639
412 0.9563608984888413
413 0.9564827140084144
414 0.9565205140779314
415 0.9565814816036985
416 0.9565550754142844
417 0.9566253553994548
418 0.956614007778286
419 0.9565423205454292
420 0.956604487501752
421 0.9565846720072397
422 0.956547989443752
423 0.9567467748231354
424 0.9567029374590448
425 0.956645278351079
426 0.9565783163375243
427 0.9565694277795659
428 0.956503194596154
429 0.956634377285559
430 0.9565505736232418
431 0.9565071335152519
432 0.956573775036743
433 0.9564514045871898
434 0.9565044970108584
435 0.9564323538630145
436 0.9565147419895133
437 0.9564833904157978
438 0.9564953497169482
439 0.956491015181704
440 0.9563860078447052
441 0.9565901482748069
442 0.9565250002754239
443 0.9565103395951448
444 0.9565978774167779
445 0.9563983903030316
446 0.9564459857847242
447 0.9564546326007868
448 0.9566503029818839
449 0.9564110202447046
450 0.9564659267442692
451 0.9564566701956725
452 0.9564207700058329
453 0.9563860788321135
454 0.9564114086881418
455 0.9563821916944799
456 0.9564489662631738
457 0.9564387134180721
458 0.9564548082010078
459 0.956531566093166
460 0.9565214823078954
461 0.9564867563295779
462 0.9564408312667705
463 0.9565568884931347
464 0.9564138394388882
465 0.9562163181818116
466 0.9560908999983719
467 0.956116960574472
468 0.956152680803389
469 0.9561525097105879
470 0.9562416474393948
471 0.9562284725766254
472 0.9562966535033048
473 0.9561903303903819
474 0.9563692688506646
475 0.9563624904214971
476 0.9564512836283079
477 0.9565925433975538
478 0.9567167561941923
479 0.9568206380984715
480 0.9567225667580874
481 0.9566103935805419
482 0.9565766230957946
483 0.956570830386832
484 0.9565604810471457
485 0.9564917235024193
486 0.9566033094161469
487 0.9566767030224331
488 0.9566499170046698
489 0.9567049211555165
490 0.9566328857615978
491 0.9565683286076165
492 0.95630318308066
493 0.9562413888525544
494 0.9563173681139552
495 0.9562471555672201
496 0.9560914523278754
497 0.9560543495127124
498 0.9559875789954367
499 0.9560476351459848
500 0.9561119012996008
501 0.9560313326915336
502 0.955943817352215
503 0.955898511559672
504 0.9558951379694063
505 0.9559411260073247
506 0.9559597411971983
507 0.955811280777333
508 0.9558431574950931
509 0.9558467990240361
510 0.9556852585412617
511 0.9557147176524116
512 0.9557598869588773
513 0.9557148957607237
514 0.9556857603935782
515 0.955553141809865
516 0.9557409716970904
517 0.9557266041888762
518 0.9557027107105309
519 0.955770323845218
520 0.9557801613938914
521 0.9557431952099572
522 0.9555864765432561
523 0.95546163281653
524 0.9554679981380735
525 0.9554814233703697
526 0.9554115610652426
527 0.9554808860466493
528 0.9555961883068209
529 0.9555718562531214
530 0.9555252042272295
531 0.9556770686545363
532 0.9556308167957862
533 0.955585479678701
534 0.9554989143997868
535 0.955343680243363
536 0.9554113595742019
537 0.9552077468104626
538 0.9551629040990548
539 0.9552032617184978
540 0.955222065148186
541 0.9551790659976065
542 0.9552115597708547
543 0.9549524784584863
544 0.9549018076506662
545 0.9547227085255598
546 0.9546222743441284
547 0.9545688873610445
548 0.9546341622549352
549 0.9546704868552901
550 0.9547660578263879
551 0.9547621339503393
552 0.9548226762671036
553 0.9548505291201835
554 0.9545398754848474
555 0.9544892486074095
556 0.954441650146964
557 0.9546069583705863
558 0.9546116819172753
559 0.954375377949467
560 0.9545771541839615
561 0.9546348742222094
562 0.9545493602673829
563 0.9547480521938432
564 0.9547309633941047
565 0.9547539393443687
566 0.9546898414344378
567 0.9548033838687555
568 0.954713913778677
569 0.9546460335640697
570 0.9548044129702504
571 0.9547384697501933
572 0.9547335912125682
573 0.9547285271629529
574 0.9546770857549949
575 0.9546877476418707
576 0.9545432408874069
577 0.9547323200895769
578 0.9548018359403467
579 0.9547390710857475
580 0.9545667290859201
581 0.9545564016886335
582 0.954605039430017
583 0.9544465361161821
584 0.9544992241211898
585 0.9545291984333188
586 0.9546273358640547
587 0.9546761108889417
588 0.9546233654739816
589 0.9548628475150133
590 0.9550013931579571
591 0.955007254302421
592 0.9551199644332385
593 0.9551458501737279
594 0.9550051590309054
595 0.9549849975053808
596 0.9549961475751029
597 0.9551821046023287
598 0.955110951054126
599 0.9551361457705451
600 0.9550826317462161
601 0.9550526719063427
602 0.9550733105708717
603 0.9549057000513884
604 0.9549025929838708
605 0.9549341260820952
606 0.9549180240748482
607 0.9550288123347158
608 0.9547840483305192
609 0.9547897329824652
610 0.9547417180662503
611 0.9546305981586054
612 0.9546343007317185
613 0.9548051900707418
614 0.9546562313721916
615 0.9547226010769109
616 0.9546816665359524
617 0.9547743130643275
618 0.9546430222275425
619 0.9547589296648555
620 0.9547191507235887
621 0.9544776079762262
622 0.9544744194355446
623 0.9545420594263135
624 0.9546805909268867
625 0.954673562763691
626 0.9546769037217361
627 0.9547595942832438
628 0.9548135937521094
629 0.9547738948643426
630 0.9547007742049436
631 0.9547097968647615
632 0.9546915682206834
633 0.954741322669747
634 0.9546672747105549
635 0.9544762951534592
636 0.9547279984848487
637 0.9546161375053398
638 0.9546137278311976
639 0.9547561594748062
640 0.954831978229667
641 0.9547381000604389
642 0.9547327579351338
643 0.9548376507795189
644 0.9548875172060824
645 0.9549489035981708
646 0.9548795190116511
647 0.954859075251972
648 0.9548740768609498
649 0.9547773260956565
650 0.9548940632730443
651 0.9548850526352929
652 0.9547788488187714
653 0.9548476280452941
654 0.9547489512658763
655 0.9548051639373991
656 0.9546802028098156
657 0.9545676677109037
658 0.9548804760483285
659 0.9549024674694366
660 0.9549384247911722
661 0.9547763538837226
662 0.9546328879672974
663 0.9546095615649537
664 0.9545402963898381
665 0.9544786284828298
666 0.9544996586573133
667 0.9544564561372083
668 0.9544321804259158
669 0.9543712126116832
670 0.9544578034903513
671 0.9546030767500944
672 0.9546128282685121
673 0.9547876363596979
674 0.9548380718498892
675 0.9549469957782404
676 0.9548631478485294
677 0.95485254554545
678 0.9548715466879154
679 0.9548375103920653
680 0.9547545436922726
681 0.9547850152747529
682 0.9549262085988115
683 0.9550005172193677
684 0.9549567782788225
685 0.9550030738755225
686 0.9550417083663543
687 0.9550275080650172
688 0.955196834615142
689 0.9550450505008171
690 0.9549891935023113
691 0.9548939506053288
692 0.9549015077282778
693 0.9549511848875627
694 0.9550272370899447
695 0.9551138301691854
696 0.9551661928434678
697 0.9548484908011176
698 0.9549783154743373
699 0.9550021358596118
700 0.9548573463426586
701 0.9550786842235566
702 0.9548799063857052
703 0.9548592629958258
704 0.9547918750359304
705 0.9546740260584926
706 0.9545632274176861
707 0.9547150514648486
708 0.9546628548061571
709 0.954748526001749
710 0.954786272814606
711 0.9548359145393464
712 0.9548426168885933
713 0.9549131207118892
714 0.9549643837247664
715 0.9549195116507792
716 0.9549206963075999
717 0.9548643709674385
718 0.9549301847288467
719 0.954775830573308
720 0.9546977247091933
721 0.9547192191322897
722 0.9547499158690662
723 0.9547923644847668
724 0.9547551133699633
725 0.954763090409879
726 0.9548740406292904
727 0.9548833272698677
728 0.9549713657382751
729 0.9547939124352577
730 0.9548738999320562
731 0.9547853508052102
732 0.9546527037429325
733 0.9547108700048306
734 0.954713678672021
735 0.9546178644494031
736 0.9546038471634174
737 0.9543359139973148
738 0.9545113217835371
739 0.9544004478775435
740 0.9543315183965446
741 0.9543837932527921
742 0.9543230851916277
743 0.9542448848142326
744 0.95427700407872
745 0.9542619631545811
746 0.9541813702667331
747 0.9542542497453879
748 0.9543881874683301
749 0.9545965190261985
750 0.9545650009391932
751 0.9545585479865327
752 0.9543328282881447
753 0.9542600158456263
754 0.9542866639906148
755 0.9543447988221543
756 0.9542253169273252
757 0.9542569732326397
758 0.9543456119337985
759 0.9545095200727163
760 0.9545946699303489
761 0.9545290781170831
762 0.954450255231381
763 0.9544467361390128
764 0.9544012542100546
765 0.9545187515614051
766 0.9545097436560058
767 0.9545517418608428
768 0.9545856903713217
769 0.954586849136075
770 0.9547268845179652
771 0.9546074136582765
772 0.9547096022298518
773 0.9546565660043852
774 0.9545557840644804
775 0.9546997959838999
776 0.9547180216871674
777 0.9546762471022908
778 0.9546715345845717
779 0.9546394079322387
780 0.9546090371475561
781 0.9544830833374689
782 0.9544375723798113
783 0.9545006846246253
784 0.9544161509750577
785 0.9541614819238102
786 0.954211382371848
787 0.9542105284402957
788 0.9543643870767724
789 0.9543997359810196
790 0.9544780410260977
791 0.9545378876206968
792 0.9544609223931128
793 0.9544550713436433
794 0.954395697886266
795 0.9545084956225576
796 0.9546738934063523
797 0.954746160142784
798 0.9546774837575077
799 0.9547041607978565
800 0.954599151084042
801 0.9544542195838573
802 0.9544441697947494
803 0.9545211090650596
804 0.9546997704021124
805 0.9546095660850675
806 0.954433937603229
807 0.9544094654850495
808 0.9545199253202012
809 0.9545287818370735
810 0.9543903027108855
811 0.9544673766137365
812 0.9546786667315795
813 0.9546922830102543
814 0.9547360770040922
815 0.9547985087856707
816 0.9547296508681185
817 0.9548264213886494
818 0.9548253476265127
819 0.9548370319726067
820 0.9547637706068772
821 0.9546729794439187
822 0.9547982420803252
823 0.9547064993053322
824 0.9547743551806267
825 0.9547584600471157
826 0.9547998299917851
827 0.9547102675265174
828 0.9547670499623304
829 0.954941092671544
830 0.9549556651117379
831 0.954888387065611
832 0.9548203051494475
833 0.9548382298354325
834 0.954759765890819
835 0.954772151982168
836 0.9546322198321493
837 0.9545542187179638
838 0.9544381534229297
839 0.9544233716488824
840 0.9545341323549011
841 0.954648056787107
842 0.9547466695282627
843 0.9548035459947437
844 0.9547823289933003
845 0.9546232150493417
846 0.9546713011264732
847 0.9544927242061545
848 0.9546275718454708
849 0.9544589045530645
850 0.9545519477477343
851 0.9545148322322564
852 0.9544871448893454
853 0.9543285441126428
854 0.9542565123803103
855 0.9542335383405962
856 0.9543501876073486
857 0.9543576788870224
858 0.9544401235962172
859 0.9543562755040793
860 0.9543636347920417
861 0.9542659500989082
862 0.9544908902667506
863 0.9543537924881377
864 0.954292245488418
865 0.954201742227275
866 0.9541532532910658
867 0.9543155793754415
868 0.9541490665314754
869 0.9541037981971104
870 0.9540828549277014
871 0.9541436520515713
872 0.9539916637473728
873 0.9539894129253803
874 0.9538966908669612
875 0.9538842938625473
876 0.9537798655927833
877 0.9536329192924655
878 0.953797151359192
879 0.9537719182212182
880 0.9538338106260908
881 0.9539605184676351
882 0.9539980218771253
883 0.9541662331974443
884 0.954073246813414
885 0.9541060018432908
886 0.953991198155945
887 0.9541381921379635
888 0.9539912977857377
889 0.9539576022309664
890 0.9538562377904486
891 0.9536846220585653
892 0.9537706938669578
893 0.9538759171180551
894 0.9539550801345157
895 0.9538824914193584
896 0.953797965111322
897 0.953978487955309
898 0.9539695548157617
899 0.9539844656369951
900 0.9539841287515481
901 0.9540661780743669
902 0.9539397986115375
903 0.9538849633605235
904 0.9539138194389899
905 0.9539247539285738
906 0.9538986730936092
907 0.9540076207119209
908 0.9540533529707715
909 0.954120084464372
910 0.9541880860209435
911 0.9543600864759156
912 0.954452297407276
913 0.9542861060740988
914 0.9543391777144506
915 0.9542872771048072
916 0.9544111719522023
917 0.954369100407483
918 0.9544695042467164
919 0.9543564567590573
920 0.9542138885165152
921 0.9542660039890084
922 0.954193939693318
923 0.9541386930565771
924 0.9541061175692171
925 0.9541414024825805
926 0.954045117727306
927 0.9539203434843189
928 0.9538403342070947
929 0.953714150173208
930 0.9536547187066857
931 0.9536161813708797
932 0.95364309949344
933 0.9536975152343633
934 0.9536320325708749
935 0.9535540384256197
936 0.9534653124091498
937 0.9533596474957066
938 0.9533014152888792
939 0.9534420200822364
940 0.9535791552072401
941 0.9536134099416599
942 0.9535077735577385
943 0.9532938308142092
944 0.9531142208096381
945 0.9532084227891521
946 0.9532272792137919
947 0.9530967951422048
948 0.9531337359146222
949 0.9531208604008636
950 0.9531484478891467
951 0.9529859120137177
952 0.9531888600859836
953 0.9532539590516785
954 0.9532880422097684
955 0.9532890652437822
956 0.953252252035601
957 0.9531869295512221
958 0.9530867596138501
959 0.9532436356332383
960 0.9533359430553767
961 0.9534548190882666
962 0.9533110864684556
963 0.9533356834291806
964 0.9534080521588707
965 0.9533816392851667
966 0.9535658541822292
967 0.9535528868840892
968 0.9535506521618522
969 0.9535288536860089
970 0.9535192517640153
971 0.9535686062237173
972 0.9536427032911408
973 0.9536587199267503
974 0.9536492945193755
975 0.9535685059290224
976 0.9535180978323066
977 0.9535340127453478
978 0.953453476836348
979 0.9533877806941455
980 0.953298903338158
981 0.953205861258689
982 0.9532536383159662
983 0.9532312922498084
984 0.9531933877806611
985 0.9530371604539745
986 0.9529498813717704
987 0.9527887121930811
988 0.9528900342672174
989 0.9527858499431714
990 0.9526777538326097
991 0.9525107358159918
992 0.9525560187184596
993 0.9525537478363179
994 0.952655604011141
995 0.9527241274565935
996 0.9526815629759712
997 0.9527244858577737
998 0.9527077849578508
999 0.9526802163953348
1000 0.952580391029673
1001 0.9525650393899076
1002 0.9526275838701821
1003 0.9526430549633742
1004 0.9526667503190668
1005 0.9525802958307513
1006 0.9528085958353787
1007 0.9527326912175774
1008 0.9527454590108919
1009 0.9528297489848521
1010 0.9528100363718744
1011 0.9528844097889734
1012 0.9528689761534456
1013 0.9528460303656832
1014 0.9527922615600743
1015 0.9527800317073863
1016 0.952914710501813
1017 0.9527833156781382
1018 0.952715508988019
1019 0.9528362895698073
1020 0.9527948453384989
1021 0.952844181096397
1022 0.952907851157248
1023 0.9528931685972679
1024 0.9527214400775988
1025 0.9526118994661908
1026 0.9524694618733625
1027 0.9525401443162385
1028 0.9523832114706307
1029 0.9524544874522884
1030 0.9523440476476451
1031 0.9522395343042835
1032 0.9521321496045887
1033 0.9521279049589314
1034 0.9521773128207722
1035 0.9522392223412369
1036 0.9521948036043889
1037 0.9521586329756974
1038 0.9520221300637204
1039 0.9520503049229905
1040 0.9523392035806645
1041 0.9522820485191308
1042 0.9521483270313053
1043 0.9523081522064246
1044 0.9521884374288224
1045 0.9520415596180812
1046 0.9519116316540557
1047 0.9521413727812432
1048 0.9522088967715286
1049 0.9522839456741552
1050 0.9520842194515724
1051 0.9521004331221473
1052 0.9520978093806172
1053 0.952094822709942
1054 0.952159847068175
1055 0.9520213703361501
1056 0.9521112360345718
1057 0.9521406402667838
1058 0.9522719666181787
1059 0.9521426364489624
1060 0.9521263973947208
1061 0.9523357945988457
1062 0.952479873973952
1063 0.9525481198793329
1064 0.9524525476509671
1065 0.9524375670717516
1066 0.952312782458058
1067 0.9523590927506685
1068 0.9522819135288912
1069 0.9520276217201428
1070 0.952062478143407
1071 0.9520365502194197
1072 0.9522311971261446
1073 0.9521527018927414
1074 0.9521246955823132
1075 0.9520818662735296
1076 0.9521776904397127
1077 0.9521960194721295
1078 0.9522800378146143
1079 0.9523542030036292
1080 0.9524894751250909
1081 0.9524676397692298
1082 0.9524180372135491
1083 0.9524481164228578
1084 0.9524474820096627
1085 0.9523321388933679
1086 0.9524256486288744
1087 0.9524074561986352
1088 0.9522960727894929
1089 0.9524095770533734
1090 0.9524766934571565
1091 0.9524518773161706
1092 0.9523763910537812
1093 0.9522630388722615
1094 0.9523067179700581
1095 0.9523042910888465
1096 0.9523075741595551
1097 0.9522079803791574
1098 0.9521555922624845
1099 0.9521098400581386
1100 0.9519846931949912
1101 0.951893297685115
1102 0.9517683097169601
1103 0.9518589650361027
1104 0.9519975605708649
1105 0.9521892276289604
1106 0.9520514276072409
1107 0.9520471448860944
1108 0.9521296595762794
1109 0.9520053664501892
1110 0.9520471090465269
1111 0.9519242707616007
1112 0.9519893066067339
1113 0.9518780738063641
1114 0.9518798309354223
1115 0.9522241526538963
1116 0.9522594890995848
1117 0.9520567428329729
1118 0.9521025249683025
1119 0.9518974579638726
1120 0.9515880870982493
1121 0.9516352514236411
1122 0.9516781000136545
1123 0.9515005011368421
1124 0.9516271013077947
1125 0.9514588088742699
1126 0.9513262295006504
1127 0.9513502931493766
1128 0.9514349169732503
1129 0.9515685013538844
1130 0.9515572710131442
1131 0.9516104236897134
1132 0.9516100313864609
1133 0.9516543041360117
1134 0.951813647563761
1135 0.9517685538090439
1136 0.9517820529623604
1137 0.9517074691742345
1138 0.9518239093802986
1139 0.951825318038229
1140 0.9519700422262107
1141 0.951757896652317
1142 0.9517801010406609
1143 0.9514963048998472
1144 0.9515651998308583
1145 0.9515556184547426
1146 0.9516366716151473
1147 0.9516003451831938
1148 0.9515860881592877
1149 0.9516545598613633
1150 0.9516547394070076
1151 0.9516716667520521
1152 0.9514539418250805
1153 0.9515627624597922
1154 0.9517228187924334
1155 0.9515268955767954
1156 0.951327120623153
1157 0.9514182447074906
1158 0.9515005029545821
1159 0.9513998318432827
1160 0.9513821497997655
1161 0.9515119288135332
1162 0.9516295902305152
1163 0.9516516869894044
1164 0.9515919768924148
1165 0.951563700531196
1166 0.9514949161453778
1167 0.9515884772574793
1168 0.9516648542127203
1169 0.951752706036278
1170 0.9517849663884249
1171 0.951652708648522
1172 0.9517148952527981
1173 0.9517124676147581
1174 0.9518421481497475
1175 0.9516405944783725
1176 0.9514901487367793
1177 0.9514973060683143
1178 0.9513851352011344
1179 0.9514117307318736
1180 0.9515151291638609
1181 0.9515468568731574
1182 0.9516138802890989
1183 0.951628501173046
1184 0.9515758509553224
1185 0.9515055399255266
1186 0.9515905045420192
1187 0.9513646263671083
1188 0.9513121720956128
1189 0.9514160621295426
1190 0.951544838296369
1191 0.9515149738001897
1192 0.9514404600913156
1193 0.9513386292699327
1194 0.9512034469521444
1195 0.9512917245009793
1196 0.9514697055737972
1197 0.9514301514105646
1198 0.951529899171142
1199 0.9515326603286779
1200 0.9515022155542706
1201 0.9514277471889019
1202 0.9515046197578274
1203 0.951327534274649
1204 0.9514329137389073
1205 0.9514632483394069
1206 0.9515127363660776
1207 0.9515959216495306
1208 0.9517081978627566
1209 0.951483954637127
1210 0.9515374062147249
1211 0.951598863586247
1212 0.9517429601431978
1213 0.9516307151063432
1214 0.9515630511302564
1215 0.9514587117046419
1216 0.9513379963924107
1217 0.951400444406863
1218 0.9515505313011784
1219 0.9517047519011632
1220 0.9517670593577744
1221 0.9517016440025575
1222 0.9517098838951985
1223 0.9518356573941807
1224 0.95189114393291
1225 0.9517991200329674
1226 0.9517089932976734
1227 0.9516783716089899
1228 0.9518170283249328
1229 0.9518706887763096
1230 0.9518059345996315
1231 0.9518478564158814
1232 0.9519540938444845
1233 0.9520772024500078
1234 0.9519722071883611
1235 0.9519363444860732
1236 0.9521312801930566
1237 0.9520591558668466
1238 0.95193787577369
1239 0.9519449319527316
1240 0.9520237554071167
1241 0.9520364660854386
1242 0.9519165386942879
1243 0.9520389529325748
1244 0.95190304048608
1245 0.9519617117222535
1246 0.9517768271352454
1247 0.9519187266459732
1248 0.9520674308461441
1249 0.9519525085871996
1250 0.9518281164680312
1251 0.9516815202297599
1252 0.951592118438925
1253 0.951788821100363
1254 0.9517501698603599
1255 0.9518284830012933
1256 0.9517644353046085
1257 0.9517077257886498
1258 0.9517644172558891
1259 0.9517122633378383
1260 0.9517395789208344
1261 0.9518923617612783
1262 0.9519613222194677
1263 0.9521033272571909
1264 0.9519844188542587
1265 0.9517533105236246
1266 0.9517613594369857
1267 0.9520567719588964
1268 0.952213504667469
1269 0.9523091890843013
1270 0.9522346723084841
1271 0.9520881529197106
1272 0.9519872717443897
1273 0.9518165887090019
1274 0.9518325068342791
1275 0.9519795437271167
1276 0.9521314502631638
1277 0.9519463295278374
1278 0.9521496789510765
1279 0.9521045917532481
1280 0.9520731914451886
1281 0.952081503612773
1282 0.9520347313035452
1283 0.9520473936173969
1284 0.9521530627738655
1285 0.9520588088479797
1286 0.9521013349244154
1287 0.9521445056336711
1288 0.9520747775596422
1289 0.952057859345181
1290 0.9519058874451675
1291 0.9520343377594156
1292 0.9521459837318634
1293 0.9520233525117773
1294 0.9520737168782323
1295 0.9521827086733226
1296 0.9522624527272483
1297 0.9523314453142031
1298 0.9523392888123291
1299 0.952296266848368
1300 0.9523716185949748
1301 0.9524038909915531
1302 0.9523756752241717
1303 0.9521950994108715
1304 0.9524155703183217
1305 0.9524117296144297
1306 0.9522864660123322
1307 0.9521590883876351
1308 0.952166144659315
1309 0.9520251870574071
1310 0.9521383738947734
1311 0.9521826352881159
1312 0.9522787273162197
1313 0.9524285166031909
1314 0.9524627923642736
1315 0.9524947038711608
1316 0.9524891739664407
1317 0.9523866216194545
1318 0.9524239310996905
1319 0.9523723159910223
1320 0.9524107888647332
1321 0.9523024115634962
1322 0.9523553670675058
1323 0.9522081577349948
1324 0.9520177755463167
1325 0.9519581080689726
1326 0.9521574953113068
1327 0.9522374545662915
1328 0.9522814249713799
1329 0.9522919170018053
1330 0.9524566619247661
1331 0.9525471608296848
1332 0.9525221157246926
1333 0.95280106661713
1334 0.9526345611888496
1335 0.9527688951921816
1336 0.9527395216051051
1337 0.9527235310441634
1338 0.9526510433700612
1339 0.9527094022967331
1340 0.952754058415634
1341 0.9526530187248886
1342 0.9527604042564762
1343 0.9528246146254337
1344 0.9528019899386776
1345 0.952914494652329
1346 0.9528650320968246
1347 0.952929257654905
1348 0.9527699704115088
1349 0.9527327989725988
1350 0.9526567582620696
1351 0.952285979113771
1352 0.9523721931236352
1353 0.9522567640188756
1354 0.9523426735069944
1355 0.9526260606574832
1356 0.95263188745409
1357 0.952628294198717
1358 0.9526350146046179
1359 0.9525511751193209
1360 0.9525462204918157
1361 0.9524341549053467
1362 0.9524684871508615
1363 0.952542785140526
1364 0.9525456068607622
1365 0.9525336836068703
1366 0.95243009977818
1367 0.9524850659591603
1368 0.952373217574353
1369 0.952491371073472
1370 0.952569526824786
1371 0.9526774324398972
1372 0.9524742229018025
1373 0.9524918884709058
1374 0.9524567082388472
1375 0.9525151029678974
1376 0.952798852198879
1377 0.952724551397163
1378 0.9527070487745998
1379 0.9526632384005245
1380 0.9527020704109159
1381 0.9530259332866464
1382 0.9529472622962437
1383 0.9528747434310204
1384 0.9528211434957717
1385 0.9528483923470062
1386 0.9526881179310772
1387 0.9526226879600634
1388 0.952625719413572
1389 0.9525981650430464
1390 0.9526081982070537
1391 0.9526297479608269
1392 0.9527335540663708
1393 0.9527116292143261
1394 0.9525021405151076
1395 0.952644316621348
1396 0.9526408284172424
1397 0.9526898303003634
1398 0.95267269251193
1399 0.9525483533615451
1400 0.952414145596819
1401 0.9525487947318203
1402 0.9524034208697147
1403 0.9524759395122409
1404 0.9524677457162644
1405 0.9525338116208872
1406 0.9526648593581809
1407 0.9524771633055463
1408 0.9522988244494097
1409 0.9523128648031525
1410 0.9523938411974245
1411 0.9522704591104701
1412 0.9523102424256834
1413 0.952391792269613
1414 0.9524689159707281
1415 0.9524588065360875
1416 0.9524098949011823
1417 0.9524075981982351
1418 0.9523899525408871
1419 0.9523366287549023
1420 0.9524895052269393
1421 0.9524436535693355
1422 0.9524588681707769
1423 0.9526223872201697
1424 0.952621090815104
1425 0.9524331363341331
1426 0.9523815244359366
1427 0.9525486584522491
1428 0.9526418410153007
1429 0.9524830326063077
1430 0.9525327423383969
1431 0.9526597537732031
1432 0.9528182046035478
1433 0.9525909728374702
1434 0.9526020404865276
1435 0.952435993592789
1436 0.9524651714911212
1437 0.9524174375087215
1438 0.9524096809779604
1439 0.9523975477844067
1440 0.9523364537490554
1441 0.9524029250755316
1442 0.9522627797891298
1443 0.9522041181927994
1444 0.9520892241069259
1445 0.9519637381808156
1446 0.9520289510574034
1447 0.9521399415074971
1448 0.9520890874831239
1449 0.9522523809109473
1450 0.9521790035832242
1451 0.9521159544621693
1452 0.9521016129016097
1453 0.952200916977996
1454 0.9523768101235504
1455 0.952219938774288
1456 0.9521474488476943
1457 0.9521897540848019
1458 0.952362253694465
1459 0.9522922095820343
1460 0.9522577311185688
1461 0.952234209151617
1462 0.9521652883854077
1463 0.9523071279459197
1464 0.9523258319725659
1465 0.9523137375767964
1466 0.9524846295762714
1467 0.952442694318727
1468 0.9523785927084429
1469 0.9523396185834655
1470 0.95247434200303
1471 0.9525093324923252
1472 0.9524898679510196
1473 0.9526542994644648
1474 0.9526881465611302
1475 0.95261146635091
1476 0.9526876881841018
1477 0.9525399898499987
1478 0.9523908737371154
1479 0.9524898468249855
1480 0.9525138975549998
1481 0.9524907053534781
1482 0.9525406613932043
1483 0.9526873413751313
1484 0.9528184853832753
1485 0.9528772085776084
1486 0.9527841656526147
1487 0.9526965537458717
1488 0.9528203484020289
1489 0.9526872603531334
1490 0.9525165607025381
1491 0.9525123128695957
1492 0.9526708468672006
1493 0.9526777377792843
1494 0.9525365470937253
1495 0.9524779931303361
1496 0.9523480861683327
1497 0.9523580279657969
1498 0.9522928241804844
1499 0.9524040092772279
1500 0.9524719560101087
1501 0.9526169406574841
1502 0.95264932830227
1503 0.952693769347707
1504 0.9527526727896851
1505 0.9526325146862429
1506 0.9525909077957333
1507 0.9525320385155184
1508 0.9525956541878856
1509 0.9527117438225954
1510 0.9528127515090884
1511 0.9528367376423392
1512 0.9528173923056692
1513 0.9525635321151713
1514 0.9525027617918594
1515 0.9523857392018918
1516 0.9523495041630708
1517 0.9522122642336373
1518 0.9523417991318137
1519 0.9523528835159607
1520 0.9521652033119402
1521 0.9521207495595412
1522 0.9523039780200673
1523 0.9523903290790466
1524 0.9524181937714409
1525 0.9522807404410701
1526 0.9522413672404063
1527 0.9522931043252421
1528 0.9523562473207859
1529 0.9523903900941542
1530 0.9524024981862952
1531 0.9523736804151334
1532 0.9524052031000524
1533 0.9524295935850171
1534 0.9524399204874036
1535 0.9525362933479882
1536 0.9524680051239555
1537 0.9523492082244331
1538 0.9521764364126314
1539 0.9521801404861883
1540 0.9521353780165398
1541 0.9521078404607456
1542 0.9521727064847546
1543 0.9522121617013256
1544 0.9522242829249322
1545 0.9520599201728469
1546 0.9518948715130594
1547 0.951907169288305
1548 0.9517414109567056
1549 0.9517620546153021
1550 0.9520590794308039
1551 0.9521707661837221
1552 0.9520572090093903
1553 0.9518989960979983
1554 0.9518353653848074
1555 0.9516540959610321
1556 0.9515709772349318
1557 0.9514366258765403
1558 0.9515902767265152
1559 0.9515501507041639
1560 0.9516982709127606
1561 0.9518320328567101
1562 0.9519967112199668
1563 0.9520945168390145
1564 0.9521499658937184
1565 0.9521765490030079
1566 0.9520759593085675
1567 0.9521118955687958
1568 0.9521639985964078
1569 0.9519937767191539
1570 0.9520923890106076
1571 0.9519458489988964
1572 0.9519890270438852
1573 0.952039842193213
1574 0.9520297876818612
1575 0.9519227071138396
1576 0.9519929622543701
1577 0.9520472590813949
1578 0.9520243082557178
1579 0.9520159053170202
1580 0.9519557581754076
1581 0.9519093847040959
1582 0.9519065427760437
1583 0.9521336467799923
1584 0.9521576359315158
1585 0.9521437415394901
1586 0.9523575904791616
1587 0.9523330750815052
1588 0.9524545209111972
1589 0.9525522132743572
1590 0.9525488505006013
1591 0.9526291837117057
1592 0.9527247291892531
1593 0.9527138954761168
1594 0.9524986477202236
1595 0.9525037768303768
1596 0.952508999145695
1597 0.9524713079774815
1598 0.9523691071231839
1599 0.9523055119131413
1600 0.9522372772434032
1601 0.9522795898048728
1602 0.9521523891200193
1603 0.9520174814314858
1604 0.9520425359232508
1605 0.9520912689280063
1606 0.9520344212684348
1607 0.9521657963693552
1608 0.9523004423517436
1609 0.9522874779466112
1610 0.9522238012480757
1611 0.9522023078772535
1612 0.9522147255775405
1613 0.9521348350365563
1614 0.952014487422434
1615 0.9519675469574669
1616 0.9520411876891242
1617 0.9521603611457022
1618 0.9521904046073373
1619 0.9523131739993285
1620 0.9521364989220857
1621 0.9522139161155047
1622 0.9523365336697854
1623 0.9523122618569021
1624 0.9522124677839208
1625 0.9522296406793007
1626 0.9522967210234555
1627 0.9523353783725801
1628 0.9521739588690699
1629 0.9522918253070284
1630 0.9523148098612731
1631 0.9524840851195204
1632 0.9525457705283528
1633 0.9527622950749033
1634 0.9527881274881727
1635 0.9528209134079438
1636 0.9528332937651955
1637 0.9528424292136253
1638 0.9530060590592728
1639 0.9532574212173773
1640 0.9532512423594959
1641 0.95323640761568
1642 0.9530424827836408
1643 0.9529173013028316
1644 0.9529216584751529
1645 0.9528249867992807
1646 0.952919741843127
1647 0.9530232494549596
1648 0.9531705999303944
1649 0.9531236456358874
1650 0.9532033612634678
1651 0.9531674441516963
1652 0.9530307579306141
1653 0.953116700425785
1654 0.9528863949045598
1655 0.9529313145219929
1656 0.9531678316197696
1657 0.9532811261479319
1658 0.9533631477881297
1659 0.9535008284231486
1660 0.9535716309940756
1661 0.95363234301337
1662 0.9537028410439911
1663 0.9536344339445779
1664 0.9535416777017274
1665 0.9536191472310835
1666 0.9535293000240329
1667 0.9534763951415156
1668 0.9532544627895504
1669 0.9531783727202894
1670 0.9530398946994418
1671 0.9529377243179418
1672 0.9528456244222646
1673 0.9528516312226203
1674 0.9528823075385842
1675 0.9528971638791001
1676 0.9530129195096225
1677 0.9531061525930902
1678 0.9531286332058526
1679 0.9533105543626581
1680 0.9532177640343731
1681 0.9531748296208108
1682 0.953100316917267
1683 0.9531908662370481
1684 0.953180155130846
1685 0.9532239677910952
1686 0.9532821277496039
1687 0.9532709064435773
1688 0.9531477487152735
1689 0.9531213505018044
1690 0.9532433541402763
1691 0.9533395436796241
1692 0.9533545166732119
1693 0.9533539047868507
1694 0.9533520121751405
1695 0.9532561327154808
1696 0.9532226133087237
1697 0.9530884211461454
1698 0.9531426755730973
1699 0.9531400447717275
1700 0.9530841796412608
1701 0.9530090434744498
1702 0.9529702179771323
1703 0.9530801333607244
1704 0.9532465308992517
1705 0.9533614897582655
1706 0.9533551855843387
1707 0.9533151627575935
1708 0.9533811769633311
1709 0.9532578702894292
1710 0.9532228898491261
1711 0.953090573427188
1712 0.9530978445000807
1713 0.9530857733549711
1714 0.9531927310975418
1715 0.9533185433389637
1716 0.9533264892723312
1717 0.9533696448907846
1718 0.9532821317101171
1719 0.9531759208322313
1720 0.9531385373375962
1721 0.953139101950144
1722 0.953245228764768
1723 0.9532851364073561
1724 0.9534343355404565
1725 0.9533868960782732
1726 0.9534006340438109
1727 0.9533258117734443
1728 0.9532723209178415
1729 0.9532621121794432
1730 0.953108851482871
1731 0.9533613089490651
1732 0.9534281134189191
1733 0.953185612324214
1734 0.9532355393640694
1735 0.9531345691868637
1736 0.9532295950984753
1737 0.9532615315514221
1738 0.953394231970531
1739 0.9533553205782698
1740 0.9533333359403273
1741 0.9533612516957528
1742 0.9534096682423165
1743 0.9534641429311108
1744 0.953400014831223
1745 0.9534494447899741
1746 0.9534394691404736
1747 0.9534352808726371
1748 0.953232103056471
1749 0.9532679128556124
1750 0.953332666292714
1751 0.9533527255561777
1752 0.9534946566325976
1753 0.9535419851038385
1754 0.9536334125886253
1755 0.9536350606647641
1756 0.953719264344458
1757 0.9537457816843968
1758 0.9537155755103714
1759 0.9538170829379371
1760 0.9537633402613908
1761 0.9539473978122982
1762 0.9539193775613524
1763 0.9538974113972215
1764 0.9540436856711662
1765 0.9539554040907822
1766 0.9540264465816223
1767 0.9541435261480979
1768 0.9541986300213922
1769 0.9540813495964664
1770 0.9541359841874156
1771 0.9541909225496467
1772 0.9543220889708276
1773 0.9544082465478871
1774 0.9542208089039335
1775 0.9543280881867415
1776 0.9542411204078793
1777 0.9543988230064571
1778 0.9544118543479607
1779 0.9544704061809975
1780 0.954436538921368
1781 0.954419226330447
1782 0.9544054229794913
1783 0.954231331703626
1784 0.9541852998509153
1785 0.9542491727383272
1786 0.9541816188249895
1787 0.9541472862057195
1788 0.9540893900761154
1789 0.9542529726005422
1790 0.954155564197896
1791 0.9540666747295501
1792 0.9540401748869409
1793 0.9539804542782087
1794 0.9540067768913116
1795 0.9539490609143317
1796 0.9540095379578578
1797 0.9541052231469409
1798 0.9540965665510617
1799 0.953959354353774
1800 0.9540400323047484
1801 0.9541370300008363
1802 0.9541250489346745
1803 0.9539931093333842
1804 0.9540037728981722
1805 0.9540546920894893
1806 0.9538780341473592
1807 0.9537942449687677
1808 0.9535771222630711
1809 0.9535393344174778
1810 0.9535846767869617
1811 0.9536022648315485
1812 0.9535508829369754
1813 0.9533102286655148
1814 0.9535699765421248
1815 0.9534164340616695
1816 0.9532400646228092
1817 0.9531820929071434
1818 0.9532373378190739
1819 0.9533675866216216
1820 0.9535030522170188
1821 0.9534893260829952
1822 0.9535623537735489
1823 0.9535210686179337
1824 0.9534983423545815
1825 0.9535521556528939
1826 0.9536103103424048
1827 0.9538257014257231
1828 0.9537648570720699
1829 0.9538193015906413
1830 0.9539597066399086
1831 0.9539048223593682
1832 0.9538819800931322
1833 0.9538251535303636
1834 0.9537235765522153
1835 0.9537955224776401
1836 0.9538155594428392
1837 0.9537047065652554
1838 0.9538476418046645
1839 0.9537821075717768
1840 0.9537218126645965
1841 0.9536265803213678
1842 0.9534384676326839
1843 0.9533713912787057
1844 0.9534268082062801
1845 0.9532912597685801
1846 0.9533678666873295
1847 0.9531247059408342
1848 0.9531439059539382
1849 0.9531427795591373
1850 0.9530783930620891
1851 0.9533239824707184
1852 0.9532482341031161
1853 0.95336948557338
1854 0.9532666995744792
1855 0.9532322522661006
1856 0.9533898490502025
1857 0.9535413853958135
1858 0.9535280105355746
1859 0.9535511831134986
1860 0.9534791821558143
1861 0.9534522058973028
1862 0.9533836102797044
1863 0.9533109378754141
1864 0.9533814693233114
1865 0.9534727368898691
1866 0.9535589431215734
1867 0.9533857447284473
1868 0.9535041123707934
1869 0.9534080388714669
1870 0.9533629408078095
1871 0.9533866913513206
1872 0.9534092016203997
1873 0.9533182462562425
1874 0.9531423418626774
1875 0.9532144452968744
1876 0.9533490488678918
1877 0.9534062811333708
1878 0.9534393734845291
1879 0.9534335661060462
1880 0.9534612663737138
1881 0.9535043349557466
1882 0.9535541093174837
1883 0.953641964851861
1884 0.9535361253420069
1885 0.9535557896258557
1886 0.9537984363335199
1887 0.9538259829215292
1888 0.9535394990197277
1889 0.9535834178760145
1890 0.9537096007469804
1891 0.9536568373836862
1892 0.9536907066409012
1893 0.9538354899697471
1894 0.9536984393434962
1895 0.9535770768580621
1896 0.9535626743409621
1897 0.9535648317024102
1898 0.9535295118745228
1899 0.9536278580761869
1900 0.9536261915217566
1901 0.9536443959104698
1902 0.9535530152658566
1903 0.9534893573112165
1904 0.9533696026604008
1905 0.9533819324705358
1906 0.9536162038255073
1907 0.9535412781938789
1908 0.9535664732623435
1909 0.953563239737301
1910 0.9535411742393427
1911 0.9535091790506828
1912 0.9534863664421892
1913 0.9533650220104963
1914 0.9533290626622538
1915 0.953424736633108
1916 0.9532948354187543
1917 0.9533433235507051
1918 0.9532946466824105
1919 0.9534312052940754
1920 0.9534121451888952
1921 0.9533803974735126
1922 0.9533670471990203
1923 0.9534601890612766
1924 0.9534585348665314
1925 0.9533437348793515
1926 0.9534052871453781
1927 0.9534735600220834
1928 0.9534245030309735
1929 0.953270030209745
1930 0.95323430071781
1931 0.9532609904710685
1932 0.9533453323431372
1933 0.9531744817373399
1934 0.9532464416045574
1935 0.9532315891652678
1936 0.9532290503556713
1937 0.9532269777058573
1938 0.9532434814449902
1939 0.9532802145449721
1940 0.9533173238946244
1941 0.9533956948647334
1942 0.9535834174894054
1943 0.9533646727219148
1944 0.9532313175319496
1945 0.9531818376880331
1946 0.9531679968349052
1947 0.9532429655527024
1948 0.9532605397046137
1949 0.9533562984213814
1950 0.9534171058274821
1951 0.9534180516636639
1952 0.9534851336045411
1953 0.9533407555161656
1954 0.953202275296939
1955 0.9531877568999113
1956 0.9531491840119709
1957 0.9531071717153464
1958 0.9531641506591445
1959 0.9532242069160684
1960 0.9534226966498128
1961 0.9534585626777069
1962 0.9533618279002417
1963 0.9531537044355034
1964 0.9532323840139985
1965 0.9532732175748657
1966 0.9532295332597004
1967 0.9534216455441316
1968 0.9533853507538047
1969 0.9533511025015703
1970 0.9530482392045222
1971 0.9531764794837292
1972 0.9532497092343082
1973 0.9532737606562051
1974 0.9533160816260868
1975 0.9533063399224446
1976 0.9531972746604206
1977 0.9531980433248863
1978 0.9533163634571117
1979 0.9535213486697621
1980 0.953398349936031
1981 0.9535100315522278
1982 0.9534728285182051
1983 0.9534773755044245
1984 0.9533505151986316
1985 0.9531965266554986
1986 0.9531184583058896
1987 0.9529215416587519
1988 0.95294758824522
1989 0.9529904700121268
1990 0.9530599781656706
1991 0.9531811983132098
1992 0.953347593828185
1993 0.9534531531853614
1994 0.953282356852985
1995 0.9532521508364915
1996 0.9532914655985657
1997 0.9531478090710489
1998 0.9529718728885362
1999 0.9528397416292324
2000 0.9529063348586038
2001 0.952931625230029
