27
 -0.4999999999999998 0.8660254037844387 0
 -0.5000000000000004 -0.8660254037844385 0
 1.0 -2.4492935982947064e-16 0
 -0.4999999999999992 0.8660254037844392 0
 -0.49999999999999983 -0.8660254037844387 0
 1.0 -4.898587196589413e-16 0
 -0.499999999999999 0.8660254037844393 0
 -0.5000000000000016 -0.8660254037844377 0
 1.0 -7.347880794884119e-16 0
 -0.5000000000000003 0.8660254037844385 0
 -0.5000000000000018 -0.8660254037844376 0
 1.0 -9.797174393178826e-16 0
 -0.5000000000000001 0.8660254037844386 0
 -0.500000000000002 -0.8660254037844375 0
 1.0 -4.777360477947854e-15 0
 -0.49999999999999684 0.8660254037844405 0
 -0.49999999999999917 -0.8660254037844392 0
 1.0 -1.4695761589768238e-15 0
 -0.4999999999999966 0.8660254037844406 0
 -0.4999999999999994 -0.866025403784439 0
 1.0 -1.7145055188062944e-15 0
 -0.4999999999999964 0.8660254037844407 0
 -0.5000000000000058 -0.8660254037844354 0
 1.0 -1.959434878635765e-15 0
 -0.5000000000000023 0.8660254037844373 0
 -0.4999999999999998 -0.8660254037844388 0
 1.0 -2.204364238465236e-15 0
