81
1 2 1.0
1 3 1.0
1 4 1.0
1 7 1.0
1 10 1.0
1 19 1.0
2 3 1.0
2 5 1.0
2 8 1.0
2 11 1.0
2 20 1.0
3 6 1.0
3 9 1.0
3 12 1.0
3 21 1.0
4 5 1.0
4 6 1.0
4 7 1.0
4 13 1.0
4 22 1.0
5 6 1.0
5 8 1.0
5 14 1.0
5 23 1.0
6 9 1.0
6 15 1.0
6 24 1.0
7 8 1.0
7 9 1.0
7 16 1.0
7 25 1.0
8 9 1.0
8 17 1.0
8 26 1.0
9 18 1.0
9 27 1.0
10 11 1.0
10 12 1.0
10 13 1.0
10 16 1.0
10 19 1.0
11 12 1.0
11 14 1.0
11 17 1.0
11 20 1.0
12 15 1.0
12 18 1.0
12 21 1.0
13 14 1.0
13 15 1.0
13 16 1.0
13 22 1.0
14 15 1.0
14 17 1.0
14 23 1.0
15 18 1.0
15 24 1.0
16 17 1.0
16 18 1.0
16 25 1.0
17 18 1.0
17 26 1.0
18 27 1.0
19 20 1.0
19 21 1.0
19 22 1.0
19 25 1.0
20 21 1.0
20 23 1.0
20 26 1.0
21 24 1.0
21 27 1.0
22 23 1.0
22 24 1.0
22 25 1.0
23 24 1.0
23 26 1.0
24 27 1.0
25 26 1.0
25 27 1.0
26 27 1.0
