1 1.0
2 0.969512813403719
3 0.9703543726269295
4 0.9711472725126173
5 0.9667427744050966
6 0.9791669515864666
7 0.9839851514281346
8 0.9765575965404709
9 0.98412346318446
10 0.9793248055544628
11 0.9798780618443037
12 0.9714476555104626
13 0.977397425175543
14 0.9663020732827848
15 0.974678221001288
16 0.9816623352601169
17 0.9627748453078357
18 0.9631672063187575
19 0.9644532528423082
20 0.95050478752232
21 0.9532954540067554
22 0.9535927091717614
23 0.9652181619927239
24 0.9767926943192062
25 0.9639968106544575
26 0.9658111110308076
27 0.9618448618244123
28 0.9661578693370773
29 0.9685035181512395
30 0.9580228823080121
31 0.9431968460886383
32 0.9519605070986966
33 0.9594746413477088
34 0.9567723855168997
35 0.9350695935232302
36 0.9619245500693777
37 0.9622340212497209
38 0.9747100503549381
39 0.9687671897379249
40 0.9667314991011254
41 0.9610789378463355
42 0.9536522170994319
43 0.9489493503399249
44 0.9543909351678316
45 0.9687968691583302
46 0.9756160633421718
47 0.9765034598319993
48 0.984685413287148
49 0.9701794549869853
50 0.9484019205884415
51 0.9528668917820696
52 0.9572281524511842
53 0.9571642185381612
54 0.9647517620682234
55 0.9661045902413723
56 0.9549584591235155
57 0.9543483673088446
58 0.9706180454444355
59 0.9710848726652144
60 0.9610430962330297
61 0.9641143612615644
62 0.9693209136216385
63 0.9645058601484888
64 0.9765036040984277
65 0.9794107435718765
66 0.9755992217198652
67 0.968600949997058
68 0.9613144167423333
69 0.9579217490495788
70 0.9669655531378201
71 0.9591555121212502
72 0.9578125424934658
73 0.9524398985582928
74 0.9465414329965731
75 0.925005422891133
76 0.9587927713264195
77 0.9561599131440782
78 0.9650813873174617
79 0.9630270453568393
80 0.9544052367991172
81 0.9568400621175008
82 0.9674141714806606
83 0.9763581702434543
84 0.9761843808868121
85 0.9636635141073464
86 0.9632395438787238
87 0.9574423768212433
88 0.9537647448468031
89 0.9537121689956274
90 0.9553656719946693
91 0.964124451881807
92 0.976058444322233
93 0.9700765402055801
94 0.971586043207448
95 0.9714749191352313
96 0.9609480883521039
97 0.9637476325027222
98 0.9721583291140821
99 0.9584335257106233
100 0.9464380443475371
101 0.9576315289342574
102 0.9576567940564504
103 0.9546564330897027
104 0.9583437275504969
105 0.9716384145392212
106 0.9775756355158903
107 0.9757848454402062
108 0.9626681389828279
109 0.9621499808037459
110 0.9583724313054321
111 0.9453765624221111
112 0.9605023884166404
113 0.9562514564906823
114 0.9557263524115119
115 0.9608113796349195
116 0.9538194317250686
117 0.9408829825815238
118 0.9537369737275022
119 0.962114348551222
120 0.9318144559370537
121 0.9574342005589589
122 0.9772963701750444
123 0.9773061430340053
124 0.9705403128661775
125 0.9534465243495669
126 0.9539646758877041
127 0.9620442152806689
128 0.9531008937691264
129 0.9507490995624891
130 0.962623334969523
131 0.9647013672086662
132 0.9651845942472757
133 0.9574231816514817
134 0.9722734810238826
135 0.9655635361717629
136 0.9652994817193122
137 0.9421341342756131
138 0.9445340970612377
139 0.95739297539223
140 0.9477386360354758
141 0.948662494885289
142 0.9574408365821436
143 0.9618043862434889
144 0.976048190879103
145 0.9675096043224555
146 0.9628140290252464
147 0.9472674919793062
148 0.9486847708020888
149 0.9517712044688733
150 0.9633790107658914
151 0.9474887061623187
152 0.9504818372558221
153 0.9130352565389384
154 0.9002753610653906
155 0.9181219455500584
156 0.9386975812145628
157 0.9320936240085157
158 0.9413035162494588
159 0.9621965052625374
160 0.9608567257021068
161 0.9633160958804928
162 0.9664737744698121
163 0.9488914488438868
164 0.9681789639780652
165 0.9749139730196064
166 0.9769855514292605
167 0.9722812772697842
168 0.9724215117065363
169 0.958755779104531
170 0.9470088824353038
171 0.945388362110156
172 0.9582869824112104
173 0.9582803928041416
174 0.9435338932078308
175 0.9365384441298842
176 0.9467404387530091
177 0.9181887945180096
178 0.9531828947881661
179 0.9661872759181659
180 0.965810757305997
181 0.9582741669913662
182 0.9449876405951049
183 0.9548771897018012
184 0.9565579977658932
185 0.9609195017598264
186 0.9611202215767637
187 0.967724999836705
188 0.9717966273194139
189 0.9721956271008837
190 0.9628528295774395
191 0.9638375132643051
192 0.9621496787316278
193 0.9704851484250218
194 0.9696498793453254
195 0.9694018977848081
196 0.9792962014840189
197 0.9868781565459088
198 0.9856953659653925
199 0.977743521034693
200 0.9739572770446202
201 0.9674819461606982
202 0.9655276033384061
203 0.9601224073825281
204 0.9723843729388764
205 0.9680919268087841
206 0.9588454544858412
207 0.9617525658148478
208 0.9710511650692435
209 0.9767235948361318
210 0.9687003968580855
211 0.9497322790587525
212 0.9206748475808906
213 0.9321675492790278
214 0.9470348603446381
215 0.9393991567099386
216 0.9547281079627657
217 0.9745452133882812
218 0.9677721777853622
219 0.9647577092222637
220 0.9677518413935634
221 0.9651795691606292
222 0.9571360833699579
223 0.960957253174465
224 0.9670831250666729
225 0.9657437584253609
226 0.9584553885535738
227 0.9586447493130765
228 0.9453619914730943
229 0.9400690126713229
230 0.9479075914341136
231 0.9566247362381481
232 0.9500234956033214
233 0.9537870319151006
234 0.9694089463979089
235 0.9727615728550384
236 0.9645143778997683
237 0.9466468999611617
238 0.9490360730541838
239 0.9533219741283604
240 0.9468827659153071
241 0.9695922075699516
242 0.9603331959536132
243 0.9235767103991708
244 0.9332916414568874
245 0.9457913738295609
246 0.9425352935501626
247 0.9491522550312167
248 0.95328327799197
249 0.9642989791871304
250 0.9745825095826478
251 0.9685234564455302
252 0.9654814394857287
253 0.9694245929274583
254 0.9482399201850338
255 0.9395799216731764
256 0.9386614361346515
257 0.9580814051816303
258 0.9716894276634676
259 0.9684657517150619
260 0.9559218013787155
261 0.9521139394930968
262 0.9465144068074286
263 0.9591276838965634
264 0.954314462802116
265 0.9554829524128059
266 0.9537878400162335
267 0.9513776979250269
268 0.9464576875169896
269 0.9321372304363474
270 0.922920314143432
271 0.9468659874950746
272 0.9700490121481676
273 0.9374244540543125
274 0.9498225872244274
275 0.9527811989763124
276 0.9166549065716502
277 0.9218544344160824
278 0.9505279987695171
279 0.9631952111652241
280 0.9592375703921288
281 0.9753764464957352
282 0.9742205662254039
283 0.9708681648051172
284 0.9713076169651241
285 0.9445201247187388
286 0.9122284213971096
287 0.9000164914572316
288 0.9325479926100595
289 0.9331247746844459
290 0.9239720212751453
291 0.9521075839388558
292 0.9669462884152056
293 0.9587312902390961
294 0.9337572953574989
295 0.9499171215457417
296 0.9507595966249403
297 0.9387035996601218
298 0.9588866512934586
299 0.9581181323306384
300 0.9794010290837368
301 0.9487587962754196
302 0.9330086233071458
303 0.9639727362569308
304 0.9485068390527917
305 0.9403539659117583
306 0.941439182670583
307 0.9599335179622186
308 0.9655960459675006
309 0.9662768905183033
310 0.9485068927209267
311 0.9582839317299338
312 0.9703146943698475
313 0.9627652083145537
314 0.9462787727607687
315 0.9565435639538675
316 0.9600788153135692
317 0.9577717307959467
318 0.966605873109773
319 0.9583758915897821
320 0.9572279663782742
321 0.9493355757338929
322 0.950437275125844
323 0.9240213754390579
324 0.9465106065287604
325 0.9622913140090096
326 0.9834259067376285
327 0.9842311542780533
328 0.9794670756417193
329 0.9745683109625803
330 0.9486104000665456
331 0.907710540698063
332 0.9139763759970249
333 0.9286900741697813
334 0.932663778893112
335 0.9569693014709095
336 0.9577278739911382
337 0.9714342005702757
338 0.9763468656303189
339 0.9714552774311054
340 0.9774761306895585
341 0.9734238808468554
342 0.9812611331201904
343 0.9834094991222229
344 0.9838061165313432
345 0.9719763539164515
346 0.9661081336190915
347 0.9654039888301699
348 0.9663858186119738
349 0.9596799935320345
350 0.954784546001373
351 0.9487122974717959
352 0.9391737629726354
353 0.9593057347885471
354 0.9729551854911279
355 0.9657458124292946
356 0.9623207816594744
357 0.9466942361330445
358 0.9402309054334661
359 0.937379305196029
360 0.9301907115846646
361 0.9537582376190409
362 0.9608941815749844
363 0.9625897698884365
364 0.9677249648053079
365 0.9707116377081896
366 0.9718937221015218
367 0.9600409777656321
368 0.956489272637986
369 0.9486694662722698
370 0.9497772539065469
371 0.9455092389251172
372 0.9521833260208854
373 0.957508135464658
374 0.962186857778734
375 0.9774997243338683
376 0.9612510666009791
377 0.9582349816676007
378 0.954015059555932
379 0.94532678641494
380 0.9330428330814488
381 0.9621405631698924
382 0.9444175156326561
383 0.9503125409216228
384 0.9567602160319661
385 0.9690523154526539
386 0.9689706150031357
387 0.960297841756742
388 0.959369547584382
389 0.961586520931217
390 0.9756061556801287
391 0.979257542053889
392 0.9726753239437632
393 0.9762945256615424
394 0.9834325617121289
395 0.9791812929644709
396 0.9659566217267214
397 0.9686163683195169
398 0.9762822427065854
399 0.984806790165496
400 0.9833281135466017
401 0.9849828472900499
402 0.9827535294444016
403 0.9825919586047742
404 0.9764663919529858
405 0.9626199945754464
406 0.9771707950034836
407 0.9683207562329733
408 0.9522523397674892
409 0.9430610260899138
410 0.9625078032450851
411 0.9656436764788913
412 0.9761015301681536
413 0.9773804856538941
414 0.9752201185488973
415 0.9726911356872892
416 0.9582284306812756
417 0.9467581280252473
418 0.9195195423171206
419 0.8987223431806519
420 0.8932832379311217
421 0.8926280073191403
422 0.9095821629082382
423 0.9328714235071573
424 0.9546830332751205
425 0.95814289703189
426 0.9634417222373539
427 0.9630966053006591
428 0.9622193021533498
429 0.961146287153858
430 0.9479871117090282
431 0.9220323235180258
432 0.9382120385314049
433 0.9280964739893559
434 0.9346897163321708
435 0.9495259648905748
436 0.9467378300397161
437 0.955273156636802
438 0.9648607511240803
439 0.9738473185703413
440 0.9765772292221281
441 0.9730789382744752
442 0.9611739260521872
443 0.9688865893515073
444 0.9721316794633751
445 0.9713016157684735
446 0.9676071277872421
447 0.9720080198347585
448 0.9756736315792599
449 0.9795879449852806
450 0.9744494875427726
451 0.9780530127189693
452 0.9829742940009966
453 0.9704070560055691
454 0.961796038006534
455 0.9666937860518294
456 0.967385709184068
457 0.9761152177388888
458 0.9705124949890527
459 0.9644510263403901
460 0.9685840634034462
461 0.9661168427240467
462 0.9681436630167115
463 0.9723893356993499
464 0.9802632025474263
465 0.9726275535684217
466 0.96526902866477
467 0.9516330877410382
468 0.956406896655942
469 0.9530541020592049
470 0.9584459177348396
471 0.9643737050070539
472 0.960051009865527
473 0.954586774866533
474 0.9508671139917554
475 0.9221582548636149
476 0.9255392258603539
477 0.9412171568760028
478 0.9537015501122658
479 0.9548475326691972
480 0.9579226063674906
481 0.9730321810655763
482 0.9682114768337512
483 0.9663599543170841
484 0.971206543299191
485 0.9502459047627155
486 0.965282886931512
487 0.9791688911760484
488 0.973240210009956
489 0.9615283801283993
490 0.9487508592267707
491 0.9460922643874098
492 0.9506252044801169
493 0.9446577429039728
494 0.9494530562468138
495 0.9483365355114138
496 0.9432495056630558
497 0.9458373252410267
498 0.9545607784970366
499 0.9631866510484203
500 0.9652410207803653
501 0.9807831228866767
502 0.97351467267197
503 0.9725570349525734
504 0.954424351626835
505 0.9653728197529757
506 0.9654549997922526
507 0.9417107337199514
508 0.9417551774349454
509 0.9631675679056425
510 0.9617813953054242
511 0.9673088942622252
512 0.9752399654996101
513 0.9834457310844936
514 0.9823581716264204
515 0.9808685220259911
516 0.9829790083783628
517 0.9850877365360369
518 0.978343374879028
519 0.9630693889589508
520 0.970963987040588
521 0.9698085140263535
522 0.9672001936070768
523 0.9647207062104333
524 0.9582480462520291
525 0.9616777501543354
526 0.95151858105828
527 0.948054007116821
528 0.9575791042724956
529 0.9602451326950122
530 0.9749170026851517
531 0.9695721879530106
532 0.9800290621821385
533 0.9717817779606202
534 0.9649210705450535
535 0.9277920672633522
536 0.9356263578733042
537 0.9491732085510319
538 0.9276674565600165
539 0.9276394060531911
540 0.916264478043075
541 0.930558421585924
542 0.9408587463138947
543 0.9358945512602216
544 0.9315752330768434
545 0.9515521197584782
546 0.9687070918896514
547 0.9681908511761034
548 0.9725612789718364
549 0.958536140701315
550 0.9761588722601282
551 0.9582203807923332
552 0.9567940963127651
553 0.9643018698897741
554 0.9606596962933964
555 0.9610490987159176
556 0.9438993708219694
557 0.9454130335301003
558 0.9493612492653553
559 0.9412179544531988
560 0.9545284302500218
561 0.9715477069137077
562 0.964642954568517
563 0.9627585927243879
564 0.9804134454589454
565 0.9781914670781174
566 0.957907482741818
567 0.9584731294261328
568 0.9547461476414993
569 0.9566297925259202
570 0.9520630855254326
571 0.9481954465784825
572 0.9418955739194478
573 0.9400539545581286
574 0.9425707200628582
575 0.9522769771284096
576 0.9651841284046833
577 0.9578695292522936
578 0.9522699482616834
579 0.954659293285967
580 0.94805688323056
581 0.9586636179002058
582 0.9655375764609658
583 0.9414003853791941
584 0.9314102823506075
585 0.9357093422033002
586 0.9322793316633113
587 0.9232709727716926
588 0.924470871624224
589 0.9356572676523734
590 0.9442972942646586
591 0.9605089302553497
592 0.963450571368468
593 0.9710693951007978
594 0.9694304890359214
595 0.9669322261732493
596 0.9647416983685854
597 0.9670849619155465
598 0.9674063666261007
599 0.9583455169424564
600 0.9556845338869057
601 0.9447957038561844
602 0.9401196391535445
603 0.9405866222792356
604 0.9250036338970692
605 0.9264489417589459
606 0.9267302851851675
607 0.9499881103337942
608 0.9667906571680308
609 0.9535189830604005
610 0.9455816930081357
611 0.9599588441619019
612 0.940563229539222
613 0.9611961243072524
614 0.9416698066515997
615 0.9544679822003419
616 0.9332811247093017
617 0.9285323293331444
618 0.9473100956770224
619 0.9659088833825323
620 0.9771396127031113
621 0.9553436849022524
622 0.9339574930488549
623 0.9252465998704402
624 0.9327002000056606
625 0.9040768913205862
626 0.8991734256751843
627 0.9248667935347845
628 0.9476333756750925
629 0.9572188806408295
630 0.93048643135823
631 0.9470535795142915
632 0.9563616755628574
633 0.9534879302147005
634 0.9564269158969151
635 0.954782786113677
636 0.9621591627312465
637 0.9625194740414922
638 0.9526661358133187
639 0.9485836714553568
640 0.95494728817068
641 0.9569427346457037
642 0.9595763800042147
643 0.971669291500506
644 0.976355534074999
645 0.9744460414148954
646 0.9676943786984278
647 0.9625476047968669
648 0.943208154198481
649 0.9407118220595704
650 0.9511903419428104
651 0.9596655911905415
652 0.9584306360804847
653 0.9652822472206605
654 0.9649857545303199
655 0.9632488444503476
656 0.9670941734452823
657 0.9795618417857446
658 0.9762440718354725
659 0.9475997447265639
660 0.9657497852956742
661 0.9723913465058136
662 0.9728867799836541
663 0.9507180370921756
664 0.9575367012565752
665 0.946712925369533
666 0.9567661687499593
667 0.9353189541616702
668 0.9353615861846971
669 0.9400734238000447
670 0.9399767016562562
671 0.9388172805130602
672 0.9484646091073998
673 0.9573499457902465
674 0.9699836211731545
675 0.9566089738755321
676 0.9531002711185099
677 0.9275226750365727
678 0.9146099100707448
679 0.9208052590296265
680 0.9386197593868751
681 0.9286266271945665
682 0.9655538945329384
683 0.9591118029944415
684 0.9447115939135269
685 0.942427155600136
686 0.9582335195878687
687 0.917877737690945
688 0.9297085755205613
689 0.9414796298342321
690 0.9561220330538543
691 0.9629208828407357
692 0.9696522287696004
693 0.9767737178964042
694 0.9716876913951886
695 0.9781928377510133
696 0.9585655161256279
697 0.9678095090228449
698 0.9512672005246802
699 0.9503932811486177
700 0.9322741979983974
701 0.9452970768291837
702 0.9546422969215742
703 0.9553056472239703
704 0.9536091983357858
705 0.9558261250352607
706 0.9653760572596539
707 0.972724896257578
708 0.969706321197984
709 0.9691402709866551
710 0.973648345828306
711 0.9741883043625115
712 0.9723414065560659
713 0.9733133501749553
714 0.9599359059783817
715 0.9641873053556642
716 0.9678854615963856
717 0.9625581513487838
718 0.9712008738964588
719 0.9791380883146706
720 0.9740097566999538
721 0.9635967071035514
722 0.958316797666698
723 0.9401387456235935
724 0.9549490951545169
725 0.9577011763847546
726 0.961911040268724
727 0.9704626098035067
728 0.9483950491673258
729 0.9392745318975046
730 0.9575273036784934
731 0.9466983361015732
732 0.9316908938417936
733 0.9404536040400296
734 0.9428353387422842
735 0.9518651675063715
736 0.96186375269303
737 0.9542293768764651
738 0.9482181885289073
739 0.9411094525190614
740 0.9312390718356415
741 0.936475323346995
742 0.9559738804640008
743 0.9571233065789997
744 0.9767053236573173
745 0.9781635812296025
746 0.9642393743372135
747 0.9507569751989629
748 0.9527361085986717
749 0.9619215188695581
750 0.952905746726486
751 0.9623594648833494
752 0.963953589841161
753 0.9750653920697456
754 0.9652825951284764
755 0.9746029995174315
756 0.9820095030983237
757 0.9695929918620799
758 0.9425170385006558
759 0.9625632175889091
760 0.976341221180346
761 0.9798650168950046
762 0.9749312535453041
763 0.9567876375854751
764 0.9697029088856018
765 0.9600165621534538
766 0.965083395098857
767 0.9684476817095301
768 0.9677362398079422
769 0.9507197686891025
770 0.9614064930814319
771 0.9390438419632656
772 0.9494008041677576
773 0.9513186977882462
774 0.937956780789798
775 0.9344210779443451
776 0.961722724143602
777 0.9615011378590195
778 0.9281035375364675
779 0.9562272384938388
780 0.9663773899489378
781 0.9536274724806837
782 0.958334081419706
783 0.9386265729011665
784 0.9219819981691956
785 0.9172754866467374
786 0.9219680445206301
787 0.9270126186692713
788 0.9521115069724251
789 0.9604150568022277
790 0.9398376070760543
791 0.9508974461801608
792 0.9530756729333102
793 0.9445545403839312
794 0.9605992565155981
795 0.9631205276600316
796 0.9637818823056011
797 0.956152267465107
798 0.9597297651160599
799 0.9507937267183113
800 0.9565130568713917
801 0.9573569593031039
802 0.9498469506809337
803 0.953465281544482
804 0.9550152446195456
805 0.96839357602612
806 0.9712248959149818
807 0.9720973029576125
808 0.9640163018367018
809 0.9695118268683139
810 0.957166758774325
811 0.9662907221047315
812 0.9569707157653925
813 0.957427285340293
814 0.9563528288046284
815 0.9586600059602582
816 0.9490056102244045
817 0.9537870758311636
818 0.9545818031326544
819 0.9527866052489842
820 0.964523611490203
821 0.959774417119564
822 0.969526617851616
823 0.9740315544225536
824 0.9700833940185813
825 0.9623821039499183
826 0.9561927939492181
827 0.9172880412714812
828 0.9362798587329577
829 0.929170140658016
830 0.9426546241359466
831 0.9347750214600573
832 0.940550951625718
833 0.9241357790321857
834 0.9201271306196211
835 0.9265492045049036
836 0.9323639531942894
837 0.931967727224326
838 0.9219723875218894
839 0.9302048263514179
840 0.9513091427710589
841 0.9577044632351204
842 0.9625615691906252
843 0.9632806305702857
844 0.9740308026516877
845 0.9541613984358439
846 0.9688072034882081
847 0.944648134047337
848 0.9598928585710483
849 0.9706498730332823
850 0.9757252099949743
851 0.9543288020994491
852 0.959887696726759
853 0.9692375853133995
854 0.9741450237929847
855 0.9740264195739327
856 0.9780141657869457
857 0.9761295654049134
858 0.9731834363551896
859 0.9591068660414777
860 0.9733444135758019
861 0.9395912367519447
862 0.9385271721462105
863 0.9489676574065218
864 0.968172332059699
865 0.9791689596304546
866 0.9779530070194375
867 0.9719674255504324
868 0.9594759238863798
869 0.9806991543777671
870 0.9510451777265289
871 0.9476974193244603
872 0.9560293069202915
873 0.9486481324890818
874 0.9355664088719051
875 0.9501761814529398
876 0.9543984434603643
877 0.9494399810241808
878 0.9456230152982985
879 0.9355140279624289
880 0.9244860886614155
881 0.9506538554614293
882 0.9616090517525591
883 0.9470899701903752
884 0.9465388621811783
885 0.9584457176881184
886 0.9608926984864499
887 0.9454904777831353
888 0.9375478418919048
889 0.958502705448589
890 0.9551033062238141
891 0.9626486093558632
892 0.9581065350879672
893 0.9479955655814205
894 0.9498626400856496
895 0.9612869453233656
896 0.9228821380147189
897 0.9334669312763433
898 0.9126820485991738
899 0.9093425053483564
900 0.8927572304716571
901 0.9207462832968657
902 0.9125595838345264
