27
1.0 -2.4492935982947064e-16 0.0
1.0 -2.4492935982947064e-16 0.0
1.0 -2.4492935982947064e-16 0.0
-0.5000000000000004 -0.8660254037844385 0.0
-0.4999999999999998 0.8660254037844387 0.0
-0.5000000000000004 -0.8660254037844385 0.0
-0.4999999999999998 0.8660254037844387 0.0
-0.5000000000000004 -0.8660254037844385 0.0
-0.4999999999999998 0.8660254037844387 0.0
1.0 -2.4492935982947064e-16 0.0
1.0 -2.4492935982947064e-16 0.0
1.0 -2.4492935982947064e-16 0.0
-0.5000000000000004 -0.8660254037844385 0.0
-0.4999999999999998 0.8660254037844387 0.0
-0.5000000000000004 -0.8660254037844385 0.0
-0.4999999999999998 0.8660254037844387 0.0
-0.5000000000000004 -0.8660254037844385 0.0
-0.4999999999999998 0.8660254037844387 0.0
1.0 -2.4492935982947064e-16 0.0
1.0 -2.4492935982947064e-16 0.0
1.0 -2.4492935982947064e-16 0.0
-0.5000000000000004 -0.8660254037844385 0.0
-0.4999999999999998 0.8660254037844387 0.0
-0.5000000000000004 -0.8660254037844385 0.0
-0.4999999999999998 0.8660254037844387 0.0
-0.5000000000000004 -0.8660254037844385 0.0
-0.4999999999999998 0.8660254037844387 0.0
