27
-0.5552368184806686 0.7986014826290729 0.2322665437511616
-0.2547387859737964 -0.5771437150996326 -0.7758951495154423
0.8093973297190412 -0.22141379115127535 0.5439226927897985
0.8079698119910756 -0.2225646610850903 0.5455728682286032
-0.22699737243440252 -0.5493223704830004 -0.804187245730007
-0.5806020751761345 0.7723810943438533 0.2575435407874919
-0.5657684060128292 0.7874197381698487 0.24469627438567262
0.7935156729289995 -0.2382270202388815 0.559982824418875
-0.22651410345452005 -0.5484118860326834 -0.8049445721254783
-0.5714781470118813 0.7809576290047483 0.25202759608254904
0.7938432651133912 -0.23817400001758457 0.5595408976560465
-0.22118798429192466 -0.5429811270464991 -0.810090964815797
-0.21301463263174159 -0.5363845773089577 -0.8166494667296699
-0.5552936042433999 0.7988091641134438 0.2314150652285975
0.7668167165690298 -0.26369747638940316 0.5851972010665739
0.7797304154129105 -0.2507585131707135 0.573707806598815
-0.23734863756724256 -0.5588199004061368 -0.7945979758060358
-0.5420152564618547 0.8104366166498529 0.22228799372824687
0.755285300556881 -0.2739915224875204 0.5953761503181624
-0.5147350847044965 0.834317844151736 0.19738674601971623
-0.24011675497202956 -0.5596737622743538 -0.7931640585675656
-0.2516535410569726 -0.5709454127467607 -0.7814677414563682
0.8024650518518934 -0.23098113785903399 0.5501795656962212
-0.551293816638599 0.801754412155162 0.2307920932912939
-0.2599957259642436 -0.5790572953671836 -0.7727191411906192
-0.5352801240025751 0.8173109150535747 0.21325584864682245
0.7952324299407854 -0.23726440889838044 0.5579524913830715
