27
2.57237725884603e-15 1.0 0.0
0.8660254037844367 -0.5000000000000034 0.0
-0.8660254037844393 -0.49999999999999895 0.0
-0.8660254037844394 -0.4999999999999987 0.0
0.8660254037844367 -0.5000000000000034 0.0
-7.354070601250002e-16 1.0 0.0
-0.8660254037844393 -0.49999999999999895 0.0
0.8660254037844386 -0.5000000000000001 0.0
2.57237725884603e-15 1.0 0.0
0.8660254037844385 -0.5000000000000003 0.0
-0.8660254037844395 -0.4999999999999985 0.0
-9.803364199544708e-16 1.0 0.0
2.3274478990165594e-15 1.0 0.0
-0.8660254037844393 -0.49999999999999895 0.0
0.8660254037844368 -0.5000000000000032 0.0
3.061616997868383e-16 1.0 0.0
-0.8660254037844392 -0.49999999999999917 0.0
0.8660254037844387 -0.4999999999999999 0.0
-0.8660254037844393 -0.49999999999999895 0.0
-9.803364199544708e-16 1.0 0.0
0.8660254037844387 -0.4999999999999999 0.0
0.8660254037844368 -0.5000000000000032 0.0
2.57237725884603e-15 1.0 0.0
-0.8660254037844394 -0.4999999999999987 0.0
0.8660254037844378 -0.5000000000000014 0.0
2.3274478990165594e-15 1.0 0.0
-0.8660254037844393 -0.49999999999999895 0.0
