96
0.0001
0.00010105263157894737
0.00010210526315789474
0.0001031578947368421
0.00010421052631578947
0.00010526315789473685
0.00010631578947368421
0.00010736842105263158
0.00010842105263157894
0.00010947368421052632
0.00011052631578947369
0.00011157894736842105
0.00011263157894736843
0.00011368421052631579
0.00011473684210526316
0.00011578947368421052
0.0001168421052631579
0.00011789473684210527
0.00011894736842105263
0.00012
0.00012105263157894736
0.00012210526315789474
0.0001231578947368421
0.00012421052631578949
0.00012526315789473683
0.0001263157894736842
0.00012736842105263158
0.00012842105263157895
0.00012947368421052633
0.00013052631578947368
0.00013157894736842105
0.00013263157894736842
0.0001336842105263158
0.00013473684210526314
0.00013578947368421052
0.0001368421052631579
0.00013789473684210527
0.00013894736842105264
0.00014
0.00014105263157894736
0.00014210526315789474
0.0001431578947368421
0.00014421052631578948
0.00014526315789473683
0.0001463157894736842
0.00014736842105263158
0.00014842105263157895
0.00014947368421052633
0.00015052631578947367
0.00015157894736842105
0.00015263157894736842
0.0001536842105263158
0.00015473684210526317
0.00015578947368421052
0.0001568421052631579
0.00015789473684210527
0.00015894736842105264
0.00016
0.00016105263157894736
0.00016210526315789473
0.0001631578947368421
0.00016421052631578948
0.00016526315789473683
0.0001663157894736842
0.00016736842105263158
0.00016842105263157895
0.00016947368421052633
0.00017052631578947367
0.00017157894736842105
0.00017263157894736842
0.0001736842105263158
0.00017473684210526317
0.00017578947368421052
0.0001768421052631579
0.00017789473684210526
0.00017894736842105264
0.00018
0.00018105263157894736
0.00018210526315789473
0.0001831578947368421
0.00018421052631578948
0.00018526315789473685
0.0001863157894736842
0.00018736842105263158
0.00018842105263157895
0.00018947368421052632
0.0001905263157894737
0.00019157894736842104
0.00019263157894736842
0.0001936842105263158
0.00019473684210526317
0.0001957894736842105
0.0001968421052631579
0.00019789473684210526
0.00019894736842105264
0.0002
