0.0007009621331019737  -3885.477032463653 1.509693177162714e7 0.9551001222265856
0.0007926341978115644  -3885.1464087043664 1.5094362619374322e7 0.9439868024287746
0.0011769164661443216  -3883.7593669212547 1.5083586825187642e7 0.9356894141523183
0.0012905771888878938  -3883.345522890112 1.508037245626036e7 0.9434620611813972
0.0014726775335330644  -3882.6823415656336 1.5075222173441311e7 0.9411194151540835
0.0020480987309977852  -3880.579233272391 1.5058895201127658e7 0.9456555022453758
0.002231204997248446  -3879.90533776348 1.505366544835254e7 0.9478939277689367
0.0024974958562548806  -3878.922415176069 1.5046039126028782e7 0.9514290479080199
0.0034755613179867223  -3875.2675459095217 1.5017698597780323e7 0.9666884713315077
0.0084518823314954  -3856.2858019765263 1.487094046023434e7 0.9854969934910173
0.012613869964623914  -3840.347671691593 1.474827084885898e7 0.985085101811369
0.014882784295161065  -3831.656605373236 1.4681593190075578e7 0.9853617937838954
0.016732231079016974  -3824.567337952895 1.4627316396858104e7 0.9869621781215601
0.01840781592905634  -3818.1455569012505 1.4578236795385573e7 0.9880533469486875
0.023648208143944062  -3798.0344243943773 1.4425067639623648e7 0.9891563863149351
0.02688679486979354  -3785.5996412084305 1.4330767419390753e7 0.9876323900743073
0.028636386631493933  -3778.879076469914 1.4279930236585986e7 0.9917442862516331
0.03218328957656806  -3765.2476763068007 1.4177094052084725e7 0.9903403342383262
0.04058988696102428  -3732.894603784463 1.3934508473938497e7 0.9914675074219422
0.05641053999063798  -3671.987203380114 1.3483502262219314e7 0.989350039348287
0.08043333757960396  -3580.115646160968 1.2817252524591744e7 0.9734114322779485
0.7750555271640611  -2033.3075685644797 4.1351658099481403e6 0.3537224155910165
1.0  -1759.7504663938334 3.097795687424099e6 0.27623031141584714
